0
28
32
81
115
160
189
199
223
271
279
286
327
371
387
408
423
424
432
580
584
593
609
625
642
664
683
687
740
770
811
821
826
829
830
852
891
903
908
946
1002
1015
1022
1053
1084
1118
1179
1196
1209
1223
1230
1234
1236
1259
1281
1289
1300
1316
1395
1401
1420
1440
1443
1448
1449
1474
1477
1480
1509
1519
1521
1561
1562
1591
1633
1639
1652
1679
1689
1707
1737
1762
1764
1838
1868
1883
1916
1929
1945
1955
1962
1995
2016
2053
2102
2113
2121
2153
2158
2171
2173
2300
2320
2359
2361
2387
2413
2445
2451
2483
2485
2491
2506
2507
2518
2519
2530
2551
2580
2585
2615
2648
2662
2698
2763
2808
2813
2859
2870
2944
3014
3023
3031
3055
3077
3086
3111
3133
3141
3173
3181
3183
3192
3219
3225
3275
3312
3335
3349
3365
3381
3421
3424
3453
3499
3614
3619
3637
3641
3661
3685
3690
3712
3720
3747
3756
3759
3761
3787
3794
3803
3810
3812
3822
3858
3883
3898
3920
3940
3951
3960
3992
4007
4020
4021
4036
4041
4075
4077
4091
4099
4101
4115
4201
4247
4265
4273
4332
4377
4417
4434
4489
4530
4576
4614
4664
4697
4737
4771
4788
4897
4930
4947
4984
4989
5027
5029
5031
5035
5044
5059
5085
5091
5129
5180
5189
5198
5209
5234
5257
5259
5276
5368
5379
5380
5386
5401
5403
5418
5426
5446
5467
5522
5529
5533
5538
5585
5588
5641
5681
5685
5701
5777
5804
5806
5834
5852
5868
5875
5880
5929
5936
5949
5987
6007
6038
6079
6084
6126
6139
6163
6169
6170
6201
6207
6249
6303
6320
6330
6332
6434
6461
6472
6488
6498
6509
6546
6572
6579
6582
6608
6614
6622
6649
6664
6693
6708
6711
6771
6775
6877
6912
6930
6934
6954
6955
6960
6970
6981
6986
6987
6993
7004
7051
7060
7069
7115
7118
7126
7156
7174
7200
7231
7263
7286
7310
7349
7370
7384
7399
7423
7426
7431
7452
7470
7491
7502
7592
7603
7631
7655
7676
7755
7758
7767
7799
7806
7818
7871
7899
7906
7923
7938
7943
7945
7961
7981
7988
8021
8031
8050
8063
8076
8080
8107
8118
8168
8169
8171
8177
8195
8220
8221
8253
8268
8282
8295
8300
8389
8463
8481
8490
8492
8558
8576
8580
8603
8623
8638
8642
8658
8686
8705
8721
8746
8770
8814
8834
8860
8862
8877
8916
8956
8957
8960
8969
8979
9003
9011
9015
9027
9061
9073
9099
9100
9150
9242
9244
9264
9329
9332
9334
9351
9400
9410
9422
9497
9595
9602
9610
9617
9625
9797
9820
9829
9841
9872
9875
9889
9906
9933
9935
9938
9945
9951
10023
10040
10051
10069
10112
10115
10132
10147
10151
10154
10168
10186
10202
10207
10221
10293
10341
10387
10413
10442
10459
10467
10471
10473
10514
10536
10610
10653
10667
10675
10684
10704
10717
10838
10875
10892
10916
10954
11009
11024
11038
11050
11056
11060
11102
11110
11132
11135
11166
11188
11195
11219
11227
11230
11232
11239
11256
11260
11273
11275
11307
11313
11344
11384
11396
11402
11410
11437
11438
11482
11495
11508
11522
11547
11562
11635
11638
11640
11654
11678
11691
11700
11701
11719
11739
11745
11838
11859
11869
11872
11876
11897
11922
11925
11950
11973
12008
12028
12086
12132
12142
12157
12174
12175
12183
12247
12253
12267
12290
12292
12298
12305
12339
12430
12500
12501
12526
12535
12558
12574
12578
12624
12634
12646
12676
12687
12689
12706
12712
12730
12763
12766
12768
12775
12777
12816
12859
12866
12868
12872
12880
12889
12906
12909
12912
12958
12968
12992
13007
13051
13060
13092
13156
13172
13174
13191
13206
13228
13274
13279
13297
13298
13300
13337
13393
13439
13452
13469
13470
13508
13517
13518
13618
13636
13639
13640
13641
13662
13675
13683
13716
13762
13789
13856
13862
13881
13971
13991
14016
14040
14041
14068
14074
14089
14097
14114
14120
14123
14189
14193
14196
14204
14227
14249
14295
14319
14329
14345
14366
14369
14387
14399
14444
14497
14511
14527
14535
14545
14549
14550
14551
14590
14591
14606
14638
14658
14661
14671
14739
14743
14767
14783
14809
14823
14828
14840
14880
14939
14959
14975
15012
15076
15126
15144
15199
15248
15272
15289
15296
15314
15343
15437
15440
15453
15458
15486
15500
15512
15543
15552
15560
15566
15601
15607
15633
15649
15699
15748
15749
15767
15779
15798
15814
15849
15853
15856
15860
15886
15898
15926
15944
16021
16049
16063
16079
16101
16108
16114
16126
16132
16155
16160
16178
16182
16193
16205
16222
16249
16294
16328
16340
16400
16424
16483
16537
16567
16572
16607
16611
16649
16688
16743
16758
16774
16806
16822
16844
16905
16906
16911
16920
16927
16939
16940
16955
16962
16975
17056
17068
17101
17134
17195
17197
17267
17299
17367
17424
17463
17465
17478
17495
17519
17524
17527
17537
17546
17549
17556
17563
17584
17589
17592
17601
17615
17641
17652
17654
17684
17707
17716
17743
17785
17795
17803
17815
17863
17895
17941
17988
18027
18050
18064
18079
18095
18100
18105
18124
18149
18151
18162
18257
18277
18287
18331
18340
18350
18367
18376
18399
18400
18401
18419
18439
18448
18479
18488
18493
18495
18512
18531
18559
18571
18579
18598
18620
18628
18653
18656
18666
18672
18684
18717
18741
18753
18801
18804
18805
18828
18832
18862
18863
18867
18879
18941
18974
18980
18989
18998
19028
19036
19051
19057
19074
19079
19098
19100
19119
19133
19168
19178
19229
19250
19251
19253
19262
19265
19307
19330
19333
19348
19364
19383
19424
19428
19467
19477
19512
19530
19548
19569
19589
19604
19609
19662
19677
19682
19701
19761
19855
19866
19894
19959
19967
19994
19995
19998
20017
20018
20029
20031
20051
20078
20083
20122
20123
20128
20132
20192
20213
20215
20246
20257
20263
20286
20291
20293
20315
20330
20352
20419
20449
20504
20507
20508
20538
20549
20550
20596
20617
20621
20639
20653
20656
20688
20704
20724
20742
20844
20846
20895
20915
21067
21075
21110
21148
21165
21177
21205
21212
21273
21302
21320
21324
21326
21342
21362
21382
21402
21415
21437
21438
21449
21473
21527
21534
21535
21539
21545
21548
21602
21662
21665
21694
21708
21720
21731
21761
21803
21813
21819
21822
21824
21829
21831
21848
21885
21898
21910
21923
21924
21945
21955
22041
22063
22091
22100
22114
22121
22139
22153
22161
22177
22186
22222
22233
22235
22306
22365
22442
22445
22459
22523
22530
22547
22558
22568
22628
22632
22663
22687
22688
22707
22718
22724
22729
22744
22763
22799
22803
22816
22851
22860
22882
22887
22894
22916
22930
22957
22959
22991
23007
23074
23085
23093
23100
23113
23122
23125
23192
23205
23218
23294
23345
23374
23378
23385
23407
23424
23478
23490
23497
23498
23533
23561
23579
23638
23653
23680
23683
23697
23736
23746
23772
23794
23853
23859
23894
23906
23919
23927
24011
24054
24083
24108
24115
24122
24133
24148
24159
24175
24184
24191
24210
24216
24229
24258
24261
24271
24272
24278
24280
24324
24350
24367
24372
24407
24412
24467
24493
24515
24581
24587
24617
24618
24633
24652
24704
24712
24716
24718
24756
24795
24805
24813
24820
24844
24854
24875
24899
24918
24936
24953
24954
25011
25026
25074
25142
25153
25177
25179
25211
25218
25231
25268
25272
25278
25349
25360
25368
25412
25414
25427
25455
25461
25477
25483
25495
25506
25519
25537
25550
25647
25662
25691
25712
25721
25751
25791
25793
25798
25812
25827
25840
25846
25914
25917
25974
25981
26007
26056
26073
26074
26087
26091
26156
26187
26204
26233
26272
26285
26296
26316
26323
26347
26356
26394
26464
26465
26478
26483
26512
26550
26556
26656
26666
26684
26704
26914
26921
26999
27007
27049
27055
27070
27096
27124
27133
27138
27150
27156
27169
27173
27178
27201
27277
27316
27320
27326
27334
27370
27378
27397
27439
27452
27454
27459
27461
27469
27521
27524
27530
27544
27562
27604
27606
27665
27668
27701
27715
27734
27737
27758
27772
27812
27836
27838
27854
27908
27928
27960
27969
27985
27997
28022
28045
28078
28080
28105
28132
28133
28139
28168
28200
28205
28232
28237
28256
28336
28348
28350
28362
28383
28403
28451
28452
28466
28514
28548
28556
28575
28577
28598
28599
28608
28697
28703
28721
28723
28724
28727
28748
28761
28768
28795
28803
28811
28814
28857
28877
28908
28948
28989
29056
29076
29095
29216
29232
29233
29240
29264
29286
29295
29309
29340
29349
29445
29446
29449
29451
29469
29528
29565
29586
29592
29624
29629
29668
29675
29677
29704
29741
29742
29743
29763
29793
29835
29855
29879
29903
29946
29976
29990
30047
30053
30099
30100
30126
30128
30152
30157
30164
30214
30247
30249
30258
30259
30287
30293
30304
30325
30330
30360
30368
30393
30414
30416
30446
30460
30463
30467
30468
30483
30495
30542
30574
30582
30590
30606
30614
30619
30633
30635
30650
30676
30721
30762
30880
30886
30951
30966
31001
31013
31030
31033
31037
31064
31087
31105
31141
31142
31144
31158
31165
31174
31181
31213
31218
31220
31228
31242
31244
31254
31292
31303
31306
31340
31349
31363
31410
31416
31430
31434
31491
31520
31526
31541
31560
31561
31619
31623
31624
31625
31646
31659
31660
31669
31671
31719
31741
31802
31819
31843
31861
31870
31876
32024
32039
32041
32050
32057
32081
32109
32141
32154
32209
32219
32269
32277
32342
32364
32383
32413
32435
32446
32464
32470
32540
32559
32624
32671
32727
32729
32735
32755
32768
32779
32842
32863
32928
32943
32945
32952
32964
33073
33092
33125
33172
33184
33188
33282
33287
33336
33344
33363
33404
33414
33457
33459
33466
33481
33564
33565
33567
33583
33585
33632
33647
33670
33712
33724
33733
33757
33810
33821
33838
33850
33872
33894
33907
33934
33977
33980
33983
34057
34080
34125
34174
34186
34187
34194
34236
34255
34268
34286
34307
34327
34347
34349
34351
34371
34379
34399
34405
34455
34464
34495
34500
34503
34523
34579
34593
34596
34598
34599
34615
34657
34662
34691
34734
34749
34750
34777
34796
34809
34820
34830
34836
34902
34937
34942
34963
34967
34968
35024
35028
35068
35114
35148
35183
35202
35214
35223
35225
35268
35291
35293
35309
35345
35383
35399
35405
35425
35445
35463
35470
35491
35495
35510
35532
35556
35560
35577
35587
35596
35613
35619
35643
35654
35684
35688
35710
35712
35715
35762
35778
35808
35810
35829
35844
35885
35887
35891
35927
35934
35947
35974
35987
36040
36053
36077
36085
36093
36099
36133
36182
36200
36203
36226
36241
36263
36264
36339
36354
36363
36379
36403
36426
36442
36462
36507
36522
36538
36560
36573
36644
36651
36658
36680
36700
36709
36716
36717
36719
36731
36736
36784
36790
36804
36820
36827
36831
36868
36870
36918
36978
37015
37018
37032
37076
37095
37125
37136
37148
37150
37155
37198
37205
37252
37287
37291
37312
37320
37361
37374
37389
37502
37503
37555
37561
37617
37631
37656
37703
37787
37799
37825
37831
37844
37877
37891
37911
37949
37962
37971
38002
38018
38046
38047
38059
38076
38099
38106
38108
38153
38159
38167
38174
38184
38203
38223
38249
38283
38286
38339
38340
38343
38379
38399
38429
38446
38457
38463
38484
38514
38528
38542
38563
38573
38639
38641
38643
38684
38744
38769
38795
38796
38822
38839
38846
38906
38916
38930
38936
39009
39021
39028
39042
39047
39067
39082
39090
39101
39134
39141
39162
39163
39165
39176
39185
39195
39218
39219
39228
39248
39287
39300
39309
39332
39388
39415
39427
39428
39432
39457
39474
39488
39493
39504
39519
39540
39541
39594
39616
39661
39737
39752
39760
39780
39786
39806
39837
39867
39897
39911
39934
39947
39970
39973
39984
40002
40036
40055
40088
40141
40166
40170
40180
40188
40203
40213
40246
40258
40262
40315
40335
40420
40465
40470
40474
40486
40494
40495
40505
40521
40546
40565
40631
40636
40659
40663
40672
40712
40724
40740
40751
40756
40758
40778
40779
40805
40807
40816
40826
40837
40899
40969
41028
41032
41054
41055
41064
41069
41085
41107
41109
41114
41133
41139
41162
41192
41207
41262
41265
41268
41294
41295
41302
41303
41328
41342
41345
41418
41435
41441
41447
41481
41523
41552
41555
41559
41580
41592
41598
41614
41623
41636
41655
41666
41706
41715
41730
41732
41749
41772
41776
41819
41841
41856
41906
41911
41937
41975
41977
41994
42071
42094
42110
42128
42129
42139
42177
42178
42196
42197
42252
42259
42273
42275
42291
42324
42336
42340
42349
42376
42379
42418
42689
42692
42700
42713
42776
42778
42813
42814
42822
42845
42864
42873
42997
43023
43102
43133
43167
43172
43193
43213
43222
43225
43242
43251
43260
43262
43268
43282
43294
43319
43393
43398
43409
43424
43445
43477
43527
43540
43546
43547
43563
43588
43619
43639
43655
43656
43658
43662
43707
43745
43774
43800
43821
43826
43902
43925
43939
43958
43959
43963
43972
44057
44085
44086
44087
44101
44108
44157
44198
44210
44238
44251
44256
44258
44260
44300
44313
44327
44352
44382
44389
44417
44422
44486
44505
44536
44539
44582
44584
44620
44651
44667
44716
44726
44749
44753
44794
44797
44800
44806
44813
44834
44836
44849
44850
44881
44903
44912
44965
44975
44976
44984
45020
45090
45125
45138
45188
45193
45196
45205
45222
45238
45261
45262
45269
45303
45319
45324
45340
45347
45360
45368
45374
45394
45395
45396
45425
45428
45458
45470
45477
45510
45526
45563
45568
45572
45603
45606
45623
45647
45651
45677
45761
45763
45778
45789
45792
45808
45852
45906
45913
45920
45922
45968
45973
46038
46057
46059
46071
46085
46086
46091
46116
46171
46196
46225
46249
46260
46271
46289
46294
46331
46369
46370
46386
46412
46423
46468
46475
46496
46512
46513
46526
46557
46578
46588
46599
46626
46667
46679
46725
46776
46791
46834
46848
46898
46900
46910
46916
46940
46982
47009
47026
47036
47059
47093
47117
47119
47169
47175
47184
47195
47235
47250
47259
47263
47274
47288
47300
47306
47352
47367
47379
47380
47388
47394
47479
47496
47506
47520
47561
47573
47585
47589
47594
47598
47607
47638
47675
47679
47686
47731
47806
47821
47834
47861
47892
47967
47982
48021
48038
48083
48084
48111
48122
48127
48130
48152
48205
48207
48258
48268
48270
48281
48288
48289
48307
48321
48331
48341
48356
48359
48372
48392
48422
48433
48435
48464
48472
48484
48490
48513
48523
48550
48567
48597
48632
48652
48661
48663
48670
48687
48710
48728
48739
48744
48747
48764
48801
48885
48897
48899
48907
48923
48939
48956
48984
48990
49021
49040
49082
49089
49090
49132
49133
49150
49217
49236
49247
49293
49397
49403
49417
49485
49503
49534
49549
49591
49597
49624
49626
49643
49676
49705
49721
49727
49763
49781
49826
49832
49863
49928
49931
49952
49966
49971
49991
49996
50015
50041
50042
50047
50051
50099
50219
50222
50260
50262
50265
50286
50314
50327
50335
50342
50348
50352
50356
50358
50395
50408
50429
50430
50461
50469
50497
50506
50510
50526
50536
50537
50539
50542
50561
50667
50692
50715
50738
50771
50780
50784
50805
50841
50860
50883
50884
50904
50916
50919
50946
51027
51107
51123
51131
51135
51146
51228
51249
51287
51288
51367
51394
51411
51415
51499
51507
51512
51533
51534
51536
51554
51570
51620
51632
51649
51650
51660
51661
51663
51678
51718
51723
51740
51801
51810
51835
51839
51898
51902
51930
51998
52047
52061
52089
52105
52111
52140
52203
52210
52247
52284
52297
52298
52307
52361
52384
52460
52482
52615
52629
52630
52632
52634
52671
52679
52695
52723
52748
52770
52787
52815
52820
52829
52842
52887
52888
52923
52975
52976
53051
53060
53099
53112
53156
53163
53171
53242
53253
53260
53262
53266
53288
53330
53343
53454
53470
53491
53541
53547
53589
53593
53612
53620
53621
53630
53650
53692
53740
53785
53806
53831
53853
53861
53886
53927
53948
53956
53960
53975
53978
53998
54001
54010
54017
54022
54098
54102
54104
54119
54147
54159
54170
54185
54191
54195
54199
54203
54254
54263
54274
54323
54330
54347
54357
54365
54375
54428
54434
54437
54454
54485
54494
54516
54530
54539
54565
54603
54622
54630
54631
54645
54669
54721
54811
54814
54825
54832
54861
54870
54915
54956
54962
54970
54982
55003
55053
55090
55112
55125
55156
55165
55181
55205
55239
55275
55276
55278
55321
55323
55327
55353
55375
55386
55465
55492
55496
55523
55553
55556
55567
55594
55604
55624
55667
55675
55680
55682
55694
55701
55705
55708
55712
55716
55719
55733
55774
55821
55833
55895
55938
55959
55963
55968
55972
55982
55986
55990
56021
56038
56077
56082
56122
56124
56176
56179
56181
56186
56192
56194
56197
56221
56300
56353
56357
56379
56395
56441
56456
56490
56491
56493
56519
56523
56537
56550
56586
56601
56617
56625
56700
56711
56730
56742
56775
56776
56867
56902
56921
57006
57037
57039
57044
57046
57225
57251
57258
57260
57271
57289
57307
57341
57377
57443
57466
57481
57512
57522
57524
57538
57540
57612
57643
57661
57665
57669
57692
57707
57710
57715
57718
57734
57741
57811
57833
57853
57875
57898
57925
57929
57951
58053
58083
58088
58097
58099
58102
58126
58130
58170
58182
58208
58209
58251
58264
58275
58285
58318
58333
58338
58351
58365
58369
58371
58372
58378
58392
58395
58437
58459
58471
58496
58508
58535
58545
58564
58569
58573
58581
58618
58641
58666
58668
58707
58709
58712
58743
58748
58749
58778
58780
58789
58822
58838
58853
58862
58886
58891
58924
58993
59002
59015
59032
59046
59055
59057
59069
59127
59134
59148
59151
59239
59240
59271
59276
59297
59306
59326
59361
59403
59416
59429
59451
59467
59494
59568
59588
59634
59708
59766
59777
59808
59847
59852
59863
59914
59924
59928
59937
59956
59968
59998
60005
60031
60037
60052
60054
60056
60076
60097
60132
60166
60176
60212
60236
60259
60262
60266
60295
60338
60349
60367
60374
60382
60411
60483
60524
60528
60581
60600
60602
60605
60614
60620
60652
60663
60664
60674
60692
60695
60741
60765
60780
60798
60806
60820
60822
60858
60872
60887
60911
60913
60928
60934
60948
60954
60972
60978
60988
61025
61046
61066
61071
61085
61153
61155
61168
61199
61205
61220
61285
61313
61314
61321
61351
61358
61372
61398
61401
61407
61459
61472
61474
61515
61559
61585
61618
61620
61629
61730
61736
61749
61754
61764
61784
61831
61841
61865
61876
61900
61936
61960
61961
61983
61988
62075
62077
62086
62109
62144
62148
62161
62187
62199
62213
62249
62269
62288
62291
62304
62333
62338
62344
62385
62394
62405
62430
62457
62465
62466
62468
62504
62522
62525
62565
62570
62593
62602
62630
62643
62645
62656
62667
62689
62706
62708
62719
62747
62779
62782
62804
62805
62814
62819
62853
62867
62894
62928
62977
63022
63077
63088
63090
63100
63123
63160
63169
63235
63236
63255
63265
63280
63296
63303
63313
63323
63335
63357
63380
63382
63388
63395
63451
63498
63520
63543
63551
63627
63642
63676
63687
63731
63732
63742
63753
63761
63791
63799
63832
63905
63908
63929
63940
63947
63995
64000
64002
64023
64068
64081
64094
64187
64202
64207
64211
64217
64223
64224
64225
64249
64256
64273
64288
64290
64304
64308
64347
64362
64394
64401
64407
64409
64417
64423
64430
64446
64478
64537
64549
64564
64569
64573
64627
64656
64706
64715
64719
64749
64767
64769
64773
64788
64803
64805
64811
64909
64913
64916
64926
64942
64949
64965
65024
65033
65038
65051
65061
65065
65075
65139
65152
65179
65198
65205
65250
65266
65277
65318
65357
65370
65378
65394
65414
65417
65428
65436
65437
65438
65503
65561
65574
65583
65609
65628
65642
65677
65714
65727
65756
65801
65805
65833
65867
65908
65930
65948
65962
65973
65988
66052
66091
66118
66131
66164
66195
66242
66273
66305
66309
66325
66333
66384
66423
66436
66469
66478
66513
66581
66594
66609
66611
66644
66651
66654
66735
66742
66751
66797
66798
66826
66840
66874
66883
66933
66953
66982
66986
67051
67058
67079
67116
67125
67142
67159
67164
67175
67242
67244
67256
67275
67338
67353
67368
67395
67406
67415
67428
67435
67470
67501
67502
67524
67543
67545
67555
67567
67616
67619
67627
67665
67678
67679
67696
67700
67712
67749
67752
67784
67833
67873
67881
67899
67910
67911
67959
67967
67980
67983
67985
67995
67996
68018
68046
68064
68071
68075
68086
68093
68125
68138
68174
68231
68232
68241
68245
68250
68265
68267
68270
68282
68312
68363
68371
68408
68413
68414
68418
68432
68447
68458
68470
68475
68483
68535
68542
68556
68597
68603
68663
68706
68720
68755
68785
68834
68836
68837
68846
68852
68857
68863
68875
68896
68922
68927
68928
68986
69002
69097
69098
69111
69137
69162
69174
69182
69198
69215
69225
69234
69237
69238
69275
69308
69382
69392
69436
69472
69509
69529
69555
69605
69645
69649
69680
69711
69733
69751
69760
69766
69767
69792
69794
69816
69826
69828
69833
69859
69867
69878
69894
69907
69944
69948
69979
69987
69989
70041
70054
70069
70086
70105
70133
70208
70212
70232
70246
70260
70262
70266
70340
70361
70385
70416
70418
70441
70468
70478
70481
70495
70532
70539
70549
70578
70579
70620
70624
70636
70699
70701
70765
70778
70802
70823
70846
70865
70879
70935
70948
70991
70992
71026
71027
71048
71050
71094
71165
71203
71230
71288
71299
71382
71395
71399
71426
71447
71453
71504
71512
71605
71630
71649
71682
71710
71727
71775
71805
71835
71840
71913
71914
71922
71968
72000
72002
72034
72037
72068
72087
72093
72104
72132
72155
72157
72180
72183
72228
72240
72250
72258
72288
72330
72344
72350
72362
72366
72387
72435
72447
72448
72466
72518
72519
72522
72535
72544
72547
72585
72587
72610
72654
72716
72719
72724
72728
72729
72759
72785
72799
72847
72883
72900
72976
72978
72993
73007
73050
73066
73076
73094
73113
73114
73118
73119
73125
73139
73163
73197
73245
73254
73275
73279
73283
73284
73286
73299
73372
73398
73416
73440
73443
73461
73462
73480
73482
73483
73489
73507
73552
73554
73580
73587
73609
73617
73620
73639
73661
73671
73676
73731
73736
73786
73791
73797
73826
73834
73859
73875
73896
73921
73927
73930
73941
73945
73948
73949
73955
73960
73974
74021
74049
74051
74060
74088
74108
74120
74159
74192
74207
74211
74268
74291
74321
74366
74388
74439
74451
74456
74476
74484
74556
74574
74575
74614
74650
74660
74664
74667
74703
74709
74729
74758
74767
74781
74798
74816
74827
74851
74858
74877
74879
74892
74893
74943
74945
75002
75087
75124
75128
75129
75136
75140
75142
75151
75200
75204
75224
75250
75259
75265
75309
75333
75344
75345
75380
75382
75401
75413
75415
75540
75562
75573
75598
75631
75646
75685
75727
75730
75774
75780
75797
75798
75829
75849
75857
75860
75865
75874
75877
75887
75893
75929
75940
76004
76012
76018
76121
76142
76172
76194
76196
76202
76218
76246
76270
76307
76325
76351
76352
76392
76399
76410
76435
76461
76490
76491
76498
76500
76516
76557
76592
76604
76607
76650
76653
76697
76701
76713
76732
76739
76783
76797
76815
76821
76826
76850
76856
76860
76873
76894
76897
76927
76962
76993
77010
77026
77040
77093
77100
77155
77160
77180
77258
77270
77272
77286
77300
77310
77324
77394
77437
77458
77459
77556
77570
77579
77598
77696
77715
77765
77776
77777
77780
77804
77827
77839
77844
77873
77903
77915
77932
77942
77946
77953
77968
78007
78014
78049
78068
78076
78147
78168
78175
78219
78224
78248
78257
78260
78265
78294
78404
78421
78459
78481
78486
78493
78507
78563
78577
78603
78618
78620
78622
78642
78650
78652
78662
78676
78688
78693
78709
78712
78751
78767
78768
78790
78841
78852
78870
78892
78913
78930
78933
78950
78964
78975
79015
79018
79025
79029
79051
79075
79148
79154
79175
79188
79192
79208
79223
79257
79262
79289
79290
79298
79315
79326
79384
79385
79413
79415
79433
79448
79463
79525
79550
79601
79605
79669
79673
79699
79711
79767
79772
79775
79812
79822
79887
79899
79904
79928
79929
79941
79948
80005
80019
80047
80063
80086
80129
80164
80178
80193
80209
80289
80302
80308
80384
80417
80427
80429
80445
80459
80471
80473
80479
80507
80521
80550
80563
80599
80600
80611
80629
80684
80688
80767
80798
80810
80813
80854
80862
80866
80887
80899
80908
80909
80953
80982
80992
81008
81021
81031
81054
81109
81112
81150
81152
81168
81192
81292
81309
81343
81353
81376
81391
81395
81421
81434
81435
81441
81442
81452
81455
81483
81587
81588
81601
81627
81637
81669
81723
81752
81777
81804
81808
81858
81868
81910
81944
82003
82033
82038
82060
82063
82081
82115
82122
82137
82185
82195
82213
82215
82236
82238
82278
82285
82293
82301
82311
82327
82345
82354
82360
82367
82385
82389
82409
82485
82506
82543
82544
82574
82611
82615
82634
82680
82682
82683
82684
82693
82736
82765
82788
82793
82821
82846
82850
82866
82912
82955
83000
83004
83029
83041
83045
83077
83102
83128
83141
83178
83198
83201
83239
83248
83282
83312
83316
83319
83371
83406
83447
83464
83465
83479
83485
83497
83527
83533
83563
83574
83583
83601
83618
83653
83655
83666
83674
83737
83759
83770
83784
83806
83841
83856
83877
83927
83955
83969
83972
84018
84021
84024
84080
84110
84136
84144
84151
84188
84192
84194
84228
84260
84279
84280
84305
84311
84330
84333
84371
84374
84387
84388
84389
84400
84437
84443
84444
84452
84480
84491
84511
84527
84533
84544
84563
84578
84589
84590
84607
84613
84632
84662
84667
84688
84717
84719
84730
84737
84753
84771
84824
84830
84840
84843
84887
84964
84987
85011
85038
85048
85051
85088
85090
85156
85173
85266
85324
85339
85372
85374
85387
85391
85404
85417
85429
85434
85438
85478
85500
85507
85568
85575
85586
85625
85641
85698
85729
85740
85772
85792
85832
85846
85862
85968
85998
86029
86038
86118
86133
86152
86156
86159
86160
86193
86211
86267
86295
86307
86363
86368
86375
86441
86461
86463
86612
86631
86636
86657
86789
86801
86806
86819
86820
86865
86866
86874
86884
86941
86942
86949
86951
86960
86962
87002
87061
87065
87098
87107
87115
87141
87161
87177
87194
87289
87291
87347
87348
87366
87386
87404
87468
87472
87473
87520
87521
87537
87553
87559
87571
87631
87639
87643
87658
87661
87662
87680
87711
87735
87783
87867
87879
87893
87912
87913
87914
87959
87969
87984
87991
88084
88109
88145
88147
88155
88163
88213
88240
88255
88286
88294
88344
88346
88365
88393
88399
88444
88465
88474
88475
88484
88506
88562
88589
88632
88647
88683
88686
88690
88698
88771
88781
88787
88804
88805
88824
88853
88859
88870
88911
88921
88926
88931
88935
88938
88966
88968
88989
89002
89046
89116
89139
89173
89200
89204
89218
89222
89228
89249
89279
89281
89326
89333
89353
89355
89366
89392
89445
89458
89469
89507
89594
89608
89635
89681
89706
89722
89731
89755
89757
89769
89786
89824
89865
89869
89972
89982
89993
90044
90050
90120
90123
90142
90164
90175
90343
90345
90348
90390
90413
90426
90442
90447
90529
90530
90534
90546
90550
90595
90612
90647
90661
90707
90711
90713
90756
90760
90794
90798
90802
90818
90837
90862
90884
90912
90922
90926
90951
90968
91002
91040
91044
91088
91096
91146
91148
91182
91183
91190
91193
91221
91244
91247
91277
91279
91328
91399
91404
91411
91415
91444
91544
91567
91585
91599
91626
91631
91633
91659
91672
91729
91759
91772
91775
91800
91850
91858
91896
91901
91911
91921
91947
91950
92008
92018
92058
92062
92088
92100
92101
92157
92206
92208
92377
92378
92391
92414
92427
92468
92474
92480
92484
92490
92549
92550
92576
92591
92623
92634
92666
92722
92737
92759
92773
92778
92817
92830
92835
92875
92887
92899
92911
92912
92931
92962
92977
92986
93027
93031
93069
93100
93191
93198
93257
93298
93299
93308
93320
93370
93379
93400
93422
93443
93467
93470
93489
93514
93517
93533
93536
93547
93580
93599
93602
93674
93690
93693
93709
93715
93718
93749
93795
93801
93809
93813
93821
93833
93867
93895
93920
93927
93948
94024
94096
94140
94143
94146
94193
94253
94257
94270
94295
94297
94331
94348
94350
94362
94366
94367
94386
94418
94464
94496
94526
94528
94618
94619
94671
94677
94734
94797
94817
94833
94922
94943
95022
95032
95055
95064
95078
95133
95141
95165
95175
95188
95197
95206
95239
95305
95321
95335
95337
95375
95376
95393
95432
95436
95448
95458
95464
95500
95509
95519
95531
95568
95597
95637
95648
95676
95677
95685
95750
95759
95793
95805
95939
95940
95959
96020
96026
96030
96033
96034
96051
96055
96063
96064
96087
96100
96102
96151
96157
96201
96236
96242
96304
96329
96440
96447
96451
96481
96504
96508
96525
96540
96594
96618
96639
96669
96686
96722
96763
96776
96805
96828
96835
96858
96867
96882
96898
96903
96910
96919
96922
96933
96950
96962
96964
96983
97014
97041
97056
97163
97168
97172
97175
97184
97191
97214
97285
97291
97362
97363
97372
97373
97400
97438
97445
97446
97558
97559
97570
97595
97597
97607
97634
97638
97652
97676
97697
97715
97752
97754
97796
97809
97820
97826
97838
97844
97858
97859
97896
97926
97933
97975
97991
97992
98016
98072
98077
98147
98179
98209
98275
98428
98434
98436
98442
98445
98471
98537
98545
98568
98620
98639
98708
98711
98730
98758
98796
98799
98814
98866
98880
98889
98934
98939
98945
98956
98969
98996
99029
99047
99104
99123
99139
99152
99163
99164
99189
99191
99198
99209
99234
99278
99324
99345
99407
99410
99416
99443
99473
99484
99489
99519
99529
99542
99590
99605
99616
99623
99627
99642
99657
99696
99705
99707
99724
99739
99743
99750
99751
99755
99771
99783
99794
99799
99825
99861
99871
99876
99894
99954
99972
99985
99992
