0
2
15
28
32
46
47
72
73
76
81
88
112
115
129
160
178
180
189
195
196
198
199
223
241
253
255
257
271
277
279
286
301
302
314
326
327
334
348
351
356
365
371
386
387
388
408
417
422
423
432
444
447
463
470
476
489
493
495
507
580
584
593
599
607
610
612
625
642
646
653
654
657
658
664
683
687
693
695
705
726
740
758
759
770
777
787
794
804
806
811
816
821
827
829
830
834
835
852
853
857
869
871
874
888
891
903
908
913
922
923
934
935
946
953
963
966
971
984
988
1002
1010
1015
1022
1046
1047
1053
1055
1058
1066
1079
1084
1105
1118
1125
1126
1128
1152
1159
1169
1175
1179
1188
1196
1202
1204
1207
1209
1221
1223
1230
1234
1236
1259
1281
1300
1316
1319
1332
1335
1342
1347
1355
1372
1383
1395
1398
1401
1415
1420
1423
1440
1443
1448
1449
1450
1456
1465
1474
1478
1480
1486
1495
1509
1510
1514
1518
1519
1520
1521
1533
1537
1541
1548
1561
1562
1564
1583
1591
1598
1605
1612
1627
1631
1633
1639
1652
1658
1676
1679
1689
1707
1720
1731
1737
1745
1749
1756
1760
1762
1764
1769
1770
1778
1786
1814
1819
1826
1838
1848
1860
1868
1870
1873
1883
1898
1906
1909
1915
1916
1929
1942
1945
1955
1957
1962
1964
1967
1970
1992
1995
1996
1998
2016
2019
2026
2031
2038
2051
2053
2055
2056
2075
2088
2091
2102
2112
2113
2121
2122
2130
2139
2144
2153
2158
2169
2171
2172
2173
2180
2192
2202
2208
2214
2250
2253
2283
2284
2300
2308
2313
2320
2350
2352
2354
2359
2361
2370
2371
2386
2387
2390
2402
2413
2423
2435
2441
2442
2445
2451
2458
2473
2476
2478
2483
2485
2491
2501
2506
2507
2518
2519
2530
2536
2545
2549
2551
2552
2556
2579
2580
2583
2585
2592
2596
2601
2613
2615
2648
2659
2662
2665
2672
2677
2685
2686
2698
2700
2704
2707
2718
2721
2727
2729
2732
2734
2735
2736
2738
2742
2754
2757
2774
2802
2805
2808
2809
2813
2817
2823
2855
2859
2865
2870
2871
2890
2904
2915
2918
2919
2940
2944
2984
3014
3016
3023
3027
3028
3031
3039
3054
3055
3059
3066
3067
3070
3077
3078
3081
3086
3093
3095
3098
3111
3127
3133
3141
3147
3157
3173
3179
3181
3183
3192
3195
3204
3210
3211
3214
3219
3220
3225
3245
3252
3275
3304
3312
3335
3341
3349
3365
3375
3381
3403
3421
3424
3426
3440
3453
3467
3478
3481
3499
3504
3511
3519
3527
3535
3548
3579
3596
3602
3608
3614
3619
3626
3632
3633
3637
3641
3646
3661
3685
3690
3698
3707
3712
3720
3746
3747
3756
3759
3760
3761
3783
3787
3789
3790
3794
3802
3803
3810
3812
3822
3858
3874
3881
3893
3896
3898
3905
3920
3924
3933
3940
3951
3953
3960
3983
3992
3995
4000
4007
4012
4019
4020
4021
4022
4036
4041
4043
4047
4061
4065
4072
4077
4091
4096
4097
4099
4101
4105
4115
4116
4134
4137
4152
4161
4173
4184
4201
4203
4220
4224
4228
4238
4247
4250
4255
4261
4263
4265
4271
4273
4284
4291
4305
4310
4332
4360
4367
4377
4384
4388
4413
4417
4434
4442
4444
4477
4486
4489
4501
4509
4512
4523
4530
4532
4534
4536
4538
4546
4549
4552
4554
4570
4576
4590
4603
4612
4614
4624
4637
4650
4660
4664
4669
4697
4720
4731
4737
4750
4751
4759
4765
4771
4788
4789
4805
4815
4829
4831
4864
4878
4886
4897
4900
4909
4919
4926
4930
4941
4947
4962
4966
4982
4983
4984
4989
5003
5022
5025
5027
5028
5029
5030
5035
5038
5044
5048
5056
5058
5059
5061
5077
5085
5091
5099
5104
5129
5145
5169
5180
5184
5185
5189
5194
5195
5198
5200
5209
5233
5234
5256
5257
5259
5265
5276
5280
5283
5286
5291
5309
5322
5326
5353
5368
5379
5380
5383
5385
5386
5401
5403
5418
5426
5430
5440
5446
5448
5452
5462
5467
5471
5472
5480
5516
5521
5522
5528
5529
5533
5538
5541
5557
5583
5585
5588
5602
5611
5614
5622
5627
5641
5643
5659
5681
5684
5685
5701
5714
5749
5750
5764
5770
5777
5778
5804
5806
5810
5818
5826
5831
5834
5835
5852
5868
5869
5875
5880
5896
5909
5910
5929
5936
5949
5953
5969
5980
5996
6007
6014
6037
6038
6045
6052
6079
6084
6089
6096
6101
6110
6121
6123
6126
6130
6139
6157
6159
6162
6163
6169
6170
6183
6187
6201
6207
6222
6247
6249
6251
6255
6257
6264
6268
6303
6308
6320
6330
6332
6335
6337
6364
6372
6393
6419
6422
6434
6448
6461
6471
6472
6478
6488
6494
6495
6496
6498
6509
6515
6544
6546
6547
6549
6557
6559
6566
6568
6572
6574
6579
6580
6582
6605
6606
6608
6614
6616
6617
6622
6649
6655
6656
6682
6693
6702
6708
6711
6726
6733
6740
6747
6749
6752
6753
6762
6771
6775
6783
6787
6825
6847
6853
6855
6868
6872
6877
6890
6898
6912
6930
6934
6937
6951
6954
6955
6960
6970
6981
6986
6987
6993
7004
7009
7024
7027
7037
7051
7060
7067
7068
7069
7073
7080
7098
7115
7118
7121
7123
7125
7126
7156
7159
7165
7172
7174
7175
7181
7195
7200
7204
7208
7221
7223
7228
7235
7239
7252
7260
7261
7266
7267
7286
7291
7293
7295
7297
7308
7309
7310
7314
7315
7348
7349
7352
7365
7369
7370
7384
7397
7399
7402
7408
7413
7423
7426
7431
7437
7450
7452
7463
7470
7478
7483
7502
7523
7539
7540
7546
7586
7592
7603
7605
7609
7626
7628
7631
7638
7644
7655
7670
7671
7676
7692
7694
7695
7701
7713
7737
7753
7754
7755
7758
7767
7775
7780
7784
7786
7790
7794
7799
7804
7806
7809
7810
7814
7818
7824
7842
7848
7851
7871
7894
7899
7900
7904
7906
7922
7923
7929
7937
7938
7943
7945
7952
7961
7977
7981
7988
7994
8005
8008
8014
8021
8022
8031
8036
8045
8050
8063
8074
8076
8080
8082
8087
8089
8097
8107
8118
8124
8134
8168
8169
8170
8171
8177
8181
8195
8204
8208
8213
8220
8221
8226
8234
8238
8252
8253
8268
8275
8282
8293
8295
8297
8298
8299
8300
8328
8354
8361
8363
8385
8389
8391
8398
8407
8413
8418
8432
8456
8457
8458
8463
8464
8481
8487
8490
8492
8495
8510
8511
8516
8535
8539
8541
8542
8545
8557
8558
8559
8566
8576
8580
8586
8589
8593
8597
8598
8603
8612
8623
8638
8639
8642
8647
8658
8703
8705
8721
8729
8733
8743
8746
8755
8764
8770
8779
8785
8803
8805
8807
8814
8827
8834
8837
8840
8848
8849
8860
8862
8865
8866
8877
8882
8885
8887
8901
8916
8918
8941
8947
8951
8952
8957
8960
8969
8979
8985
8996
9003
9010
9011
9015
9024
9027
9042
9046
9047
9060
9061
9073
9079
9081
9097
9099
9100
9149
9150
9151
9159
9167
9187
9191
9216
9218
9241
9242
9244
9258
9260
9279
9291
9297
9329
9332
9334
9351
9356
9364
9372
9373
9396
9400
9401
9410
9422
9432
9437
9442
9476
9497
9498
9501
9506
9524
9529
9574
9599
9600
9602
9610
9618
9625
9631
9636
9668
9671
9676
9684
9693
9705
9727
9747
9749
9760
9761
9777
9783
9795
9799
9806
9820
9829
9837
9841
9842
9859
9872
9875
9888
9889
9895
9901
9906
9919
9929
9933
9935
9938
9945
9951
9983
10009
10011
10017
10018
10022
10023
10031
10040
10051
10069
10096
10112
10115
10122
10132
10134
10141
10143
10147
10151
10154
10158
10168
10186
10202
10207
10221
10229
10250
10269
10293
10301
10309
10319
10320
10335
10338
10341
10351
10359
10362
10366
10372
10374
10385
10387
10400
10418
10442
10466
10467
10471
10472
10473
10481
10492
10494
10503
10508
10514
10522
10524
10526
10534
10536
10566
10568
10570
10588
10593
10602
10610
10619
10631
10634
10653
10659
10662
10667
10670
10684
10700
10704
10707
10717
10719
10745
10747
10754
10756
10777
10790
10793
10800
10807
10809
10818
10826
10827
10838
10865
10874
10875
10878
10881
10886
10892
10911
10916
10929
10933
10954
10962
10965
10969
10977
10989
10996
11001
11009
11014
11019
11024
11026
11029
11032
11035
11038
11050
11052
11053
11056
11060
11094
11096
11098
11102
11109
11110
11125
11127
11132
11135
11138
11141
11166
11171
11188
11189
11194
11195
11201
11214
11219
11223
11227
11230
11232
11244
11256
11260
11273
11275
11295
11305
11307
11313
11317
11322
11323
11330
11342
11343
11344
11350
11362
11364
11368
11384
11396
11397
11402
11410
11411
11412
11421
11423
11425
11428
11429
11433
11437
11438
11440
11450
11482
11495
11508
11509
11516
11522
11523
11546
11547
11552
11562
11592
11603
11613
11634
11635
11637
11638
11640
11641
11645
11648
11650
11654
11665
11668
11669
11671
11678
11682
11686
11691
11700
11701
11714
11719
11739
11745
11750
11756
11774
11782
11795
11803
11805
11810
11827
11844
11849
11854
11859
11869
11872
11876
11897
11912
11914
11916
11918
11921
11922
11925
11936
11943
11950
11954
11973
11977
11987
11993
12005
12008
12013
12018
12028
12032
12046
12048
12068
12086
12094
12116
12120
12132
12136
12142
12143
12157
12160
12174
12175
12179
12183
12204
12208
12209
12212
12234
12245
12247
12248
12251
12253
12267
12290
12292
12298
12305
12324
12336
12339
12356
12375
12391
12415
12430
12433
12444
12450
12458
12459
12466
12472
12484
12492
12500
12501
12504
12509
12526
12535
12558
12565
12571
12574
12578
12601
12609
12624
12626
12633
12634
12638
12644
12646
12651
12664
12667
12676
12678
12683
12687
12689
12690
12691
12706
12709
12712
12720
12730
12762
12763
12766
12768
12775
12777
12810
12816
12821
12824
12846
12859
12866
12868
12872
12880
12881
12884
12888
12889
12906
12909
12912
12916
12918
12948
12952
12953
12958
12960
12968
12992
13007
13015
13024
13033
13051
13056
13060
13077
13087
13092
13101
13106
13107
13144
13156
13162
13169
13174
13182
13185
13190
13191
13206
13213
13215
13225
13228
13229
13235
13241
13253
13254
13256
13263
13274
13275
13279
13282
13287
13296
13297
13298
13300
13336
13340
13349
13368
13369
13376
13393
13397
13424
13439
13442
13445
13449
13452
13469
13470
13472
13474
13508
13517
13518
13537
13543
13549
13556
13579
13581
13597
13618
13634
13636
13639
13640
13641
13661
13662
13674
13675
13679
13683
13685
13687
13697
13716
13729
13737
13742
13744
13760
13762
13763
13789
13806
13848
13849
13856
13862
13876
13879
13881
13888
13893
13896
13900
13910
13915
13960
13964
13971
13991
14000
14011
14016
14017
14027
14040
14045
14056
14068
14074
14079
14089
14092
14097
14102
14114
14120
14122
14123
14131
14138
14143
14153
14189
14193
14204
14221
14227
14240
14249
14251
14268
14295
14301
14308
14319
14329
14345
14357
14366
14369
14375
14376
14379
14387
14393
14395
14399
14401
14404
14412
14444
14453
14461
14466
14482
14491
14494
14497
14511
14527
14535
14544
14545
14546
14547
14549
14550
14551
14559
14573
14578
14587
14590
14591
14596
14606
14608
14653
14658
14661
14662
14665
14671
14672
14679
14682
14684
14709
14739
14743
14751
14756
14761
14767
14781
14783
14784
14797
14808
14809
14820
14823
14827
14828
14829
14835
14840
14842
14844
14858
14864
14873
14877
14880
14896
14915
14939
14943
14944
14949
14954
14959
14970
14973
14974
14975
14990
14991
14993
15009
15012
15022
15054
15059
15067
15076
15078
15080
15086
15090
15111
15118
15126
15130
15144
15158
15160
15175
15199
15205
15213
15230
15238
15248
15250
15254
15262
15267
15268
15272
15286
15289
15296
15299
15308
15314
15316
15324
15331
15338
15343
15350
15363
15364
15370
15376
15377
15389
15394
15399
15413
15417
15419
15437
15439
15440
15442
15450
15453
15454
15458
15461
15486
15500
15509
15512
15520
15522
15542
15543
15546
15552
15553
15555
15560
15566
15574
15590
15599
15601
15604
15607
15614
15617
15633
15646
15649
15652
15674
15679
15684
15698
15699
15734
15744
15746
15748
15749
15767
15787
15798
15799
15805
15811
15814
15824
15843
15849
15856
15859
15860
15868
15886
15892
15898
15901
15906
15925
15926
15931
15944
15969
15989
15995
15997
16004
16006
16021
16023
16024
16034
16049
16063
16079
16083
16101
16108
16114
16124
16132
16139
16155
16158
16160
16161
16165
16169
16178
16182
16193
16205
16212
16215
16222
16223
16228
16238
16243
16246
16249
16277
16289
16294
16297
16308
16325
16328
16336
16340
16352
16358
16362
16368
16383
16384
16390
16400
16404
16422
16424
16428
16455
16466
16477
16478
16483
16489
16490
16504
16521
16524
16537
16540
16541
16544
16547
16561
16567
16572
16607
16611
16621
16622
16649
16679
16688
16706
16708
16722
16726
16743
16746
16750
16758
16761
16774
16780
16791
16798
16806
16822
16824
16825
16831
16838
16844
16872
16892
16905
16906
16911
16920
16927
16931
16934
16939
16940
16947
16955
16957
16962
16972
16975
17005
17008
17019
17028
17041
17056
17059
17062
17068
17077
17101
17134
17140
17143
17147
17148
17159
17168
17178
17187
17195
17197
17217
17227
17242
17262
17267
17270
17276
17284
17288
17296
17299
17305
17312
17325
17337
17367
17370
17372
17388
17394
17406
17424
17452
17463
17465
17478
17491
17495
17514
17522
17524
17527
17537
17538
17546
17549
17556
17559
17563
17565
17577
17584
17589
17592
17596
17601
17615
17621
17622
17641
17645
17652
17654
17658
17680
17681
17684
17704
17707
17716
17724
17727
17736
17743
17750
17772
17776
17783
17785
17793
17795
17801
17803
17805
17815
17831
17852
17854
17863
17895
17906
17924
17937
17941
17958
17962
17977
17978
17984
17988
18003
18026
18027
18028
18043
18050
18064
18076
18079
18086
18092
18095
18100
18104
18105
18122
18124
18149
18151
18153
18154
18160
18162
18163
18168
18173
18177
18179
18221
18235
18238
18245
18254
18257
18258
18263
18268
18277
18287
18296
18320
18326
18328
18331
18335
18340
18350
18354
18364
18367
18370
18374
18376
18377
18397
18399
18400
18401
18402
18405
18419
18424
18425
18432
18433
18434
18439
18443
18448
18459
18460
18478
18479
18488
18493
18495
18512
18531
18545
18559
18564
18571
18579
18580
18595
18598
18610
18611
18620
18628
18638
18653
18656
18666
18672
18679
18684
18686
18697
18701
18713
18715
18717
18739
18741
18753
18770
18784
18790
18794
18801
18804
18805
18806
18824
18830
18832
18862
18863
18866
18867
18879
18885
18901
18909
18917
18918
18931
18933
18938
18941
18953
18968
18974
18978
18980
18989
19000
19001
19015
19027
19028
19036
19051
19057
19074
19079
19085
19090
19098
19100
19102
19115
19119
19121
19129
19133
19136
19146
19148
19158
19162
19164
19168
19178
19200
19207
19214
19229
19237
19251
19253
19262
19265
19271
19276
19301
19307
19320
19323
19330
19333
19347
19348
19364
19365
19370
19375
19377
19383
19388
19392
19412
19424
19428
19430
19451
19463
19464
19465
19467
19477
19479
19486
19487
19504
19508
19512
19530
19548
19555
19569
19572
19584
19589
19598
19604
19609
19630
19633
19645
19662
19668
19670
19672
19677
19682
19683
19692
19699
19701
19712
19719
19733
19745
19761
19781
19806
19808
19826
19827
19832
19855
19866
19876
19883
19894
19921
19925
19931
19952
19955
19959
19967
19986
19990
19994
19995
19998
20002
20016
20017
20018
20025
20029
20031
20041
20050
20051
20067
20075
20078
20083
20096
20118
20122
20123
20128
20130
20132
20140
20144
20147
20149
20159
20163
20167
20178
20189
20192
20203
20211
20213
20215
20217
20221
20223
20226
20227
20230
20237
20246
20257
20258
20261
20263
20269
20286
20291
20293
20305
20308
20312
20315
20322
20329
20330
20337
20345
20352
20386
20419
20431
20449
20466
20484
20487
20489
20493
20494
20496
20498
20501
20504
20507
20508
20527
20538
20541
20549
20550
20559
20596
20608
20617
20618
20621
20639
20647
20653
20655
20656
20659
20674
20688
20695
20704
20724
20734
20742
20746
20761
20771
20803
20807
20814
20823
20833
20841
20844
20846
20868
20895
20905
20912
20915
20917
20934
20938
20957
20961
20969
20979
20995
21002
21007
21037
21067
21069
21075
21090
21094
21095
21110
21116
21124
21129
21133
21136
21139
21143
21148
21165
21169
21174
21177
21205
21212
21229
21230
21235
21237
21246
21248
21273
21291
21302
21320
21324
21326
21331
21342
21343
21362
21373
21382
21391
21392
21394
21397
21399
21402
21410
21415
21420
21437
21438
21449
21464
21473
21491
21501
21505
21508
21516
21521
21527
21534
21535
21539
21545
21548
21555
21579
21583
21594
21597
21602
21603
21609
21619
21620
21624
21632
21662
21665
21670
21683
21686
21694
21696
21708
21710
21720
21731
21732
21735
21740
21741
21745
21750
21761
21801
21803
21808
21813
21817
21819
21822
21824
21829
21831
21842
21844
21846
21848
21855
21877
21878
21882
21885
21893
21894
21896
21898
21910
21919
21923
21924
21934
21938
21945
21955
21970
21978
21984
21993
22016
22023
22024
22041
22053
22063
22072
22077
22091
22094
22100
22107
22114
22121
22139
22148
22153
22161
22164
22177
22180
22184
22185
22186
22206
22209
22212
22219
22222
22229
22233
22234
22235
22236
22240
22244
22299
22306
22308
22313
22315
22348
22359
22360
22365
22368
22401
22417
22426
22431
22433
22442
22445
22459
22464
22465
22472
22488
22496
22498
22511
22515
22520
22523
22530
22535
22547
22558
22560
22567
22568
22576
22596
22611
22627
22628
22632
22635
22654
22663
22667
22673
22675
22676
22687
22688
22707
22713
22714
22718
22721
22724
22729
22735
22741
22744
22747
22760
22762
22763
22778
22792
22799
22801
22802
22803
22816
22851
22858
22859
22860
22867
22880
22882
22887
22892
22894
22896
22905
22916
22930
22957
22959
22986
22988
22991
23007
23063
23073
23074
23085
23093
23100
23105
23109
23113
23116
23117
23122
23125
23141
23143
23149
23164
23166
23170
23174
23192
23205
23208
23213
23218
23220
23246
23254
23257
23260
23263
23269
23274
23291
23294
23328
23345
23362
23368
23371
23374
23378
23385
23396
23402
23407
23410
23412
23418
23422
23424
23426
23455
23464
23468
23476
23478
23486
23490
23492
23497
23498
23506
23512
23521
23528
23533
23536
23551
23561
23570
23571
23576
23579
23610
23620
23624
23625
23638
23653
23667
23679
23680
23683
23693
23697
23719
23727
23736
23739
23746
23772
23773
23785
23794
23806
23811
23815
23817
23819
23820
23846
23853
23859
23864
23875
23894
23896
23897
23906
23914
23919
23927
23936
23946
23953
23969
23988
23995
23996
23999
24001
24011
24029
24054
24056
24057
24081
24083
24084
24092
24101
24103
24108
24115
24123
24129
24133
24137
24148
24150
24153
24159
24162
24164
24169
24174
24175
24177
24184
24191
24192
24196
24208
24209
24210
24215
24216
24217
24221
24226
24229
24235
24254
24258
24261
24269
24271
24272
24277
24278
24279
24280
24281
24288
24290
24303
24324
24332
24342
24350
24370
24372
24375
24384
24407
24412
24417
24418
24422
24423
24429
24434
24435
24442
24451
24454
24467
24476
24481
24482
24492
24493
24506
24511
24515
24526
24542
24565
24570
24581
24587
24589
24617
24618
24633
24636
24638
24642
24652
24657
24665
24681
24686
24695
24697
24701
24704
24712
24716
24718
24720
24744
24745
24756
24761
24766
24795
24802
24805
24809
24812
24813
24820
24825
24834
24844
24851
24854
24857
24866
24869
24871
24875
24880
24887
24899
24911
24915
24916
24918
24924
24934
24936
24942
24953
24954
24957
24971
24974
24989
25011
25026
25031
25038
25039
25041
25045
25053
25074
25078
25089
25097
25115
25117
25127
25128
25142
25144
25153
25172
25177
25188
25197
25201
25211
25218
25220
25231
25251
25268
25269
25270
25272
25273
25290
25292
25309
25327
25336
25337
25343
25360
25362
25364
25368
25371
25389
25395
25412
25413
25414
25415
25419
25423
25427
25440
25451
25455
25461
25474
25477
25482
25483
25495
25506
25513
25519
25532
25537
25550
25554
25555
25570
25581
25584
25585
25593
25605
25615
25638
25642
25643
25647
25655
25662
25678
25684
25691
25705
25712
25716
25721
25729
25751
25771
25791
25793
25795
25798
25812
25827
25829
25830
25832
25833
25836
25840
25846
25868
25878
25881
25885
25886
25901
25907
25917
25934
25964
25965
25974
25981
25987
25999
26007
26025
26027
26056
26073
26074
26087
26091
26092
26108
26115
26121
26122
26129
26137
26145
26156
26160
26167
26171
26173
26176
26178
26187
26189
26204
26215
26220
26230
26233
26247
26266
26272
26285
26290
26296
26302
26316
26323
26326
26328
26332
26347
26352
26356
26370
26380
26390
26391
26394
26399
26406
26407
26431
26438
26449
26452
26464
26465
26467
26476
26478
26483
26485
26489
26503
26512
26527
26538
26550
26556
26557
26558
26562
26564
26569
26571
26572
26578
26582
26588
26599
26606
26629
26634
26636
26641
26646
26656
26663
26666
26668
26684
26696
26697
26704
26717
26721
26727
26759
26792
26812
26817
26820
26821
26859
26860
26895
26907
26914
26917
26918
26921
26932
26947
26969
26990
26999
27007
27011
27021
27034
27043
27047
27048
27049
27050
27055
27070
27071
27079
27096
27103
27107
27116
27124
27131
27133
27134
27138
27150
27154
27156
27168
27169
27172
27173
27178
27185
27188
27201
27205
27206
27208
27209
27226
27227
27230
27232
27241
27253
27257
27261
27267
27273
27275
27277
27281
27282
27286
27287
27289
27303
27308
27316
27320
27326
27334
27335
27337
27344
27358
27362
27370
27378
27394
27397
27424
27426
27435
27439
27444
27452
27454
27456
27459
27461
27468
27469
27471
27476
27483
27513
27516
27521
27524
27530
27539
27552
27557
27562
27586
27596
27604
27605
27609
27613
27618
27621
27623
27635
27643
27648
27652
27660
27665
27668
27669
27671
27672
27686
27701
27704
27715
27717
27734
27737
27745
27758
27769
27770
27772
27776
27812
27836
27838
27839
27852
27854
27858
27861
27866
27888
27900
27908
27911
27915
27922
27925
27926
27928
27933
27958
27960
27969
27979
27980
27985
27997
27998
28000
28022
28025
28037
28041
28045
28053
28065
28068
28078
28080
28087
28094
28104
28105
28132
28133
28139
28149
28160
28167
28168
28172
28177
28184
28188
28197
28200
28205
28232
28233
28237
28244
28256
28259
28276
28309
28318
28321
28323
28334
28335
28348
28349
28350
28362
28383
28403
28408
28416
28420
28444
28451
28452
28466
28477
28478
28502
28505
28514
28523
28539
28548
28556
28564
28575
28577
28587
28589
28593
28598
28599
28608
28626
28636
28643
28658
28683
28691
28692
28697
28699
28700
28703
28721
28723
28724
28725
28727
28735
28742
28743
28748
28752
28753
28761
28768
28776
28795
28796
28803
28805
28807
28811
28814
28824
28836
28841
28854
28857
28861
28862
28867
28877
28892
28901
28908
28922
28935
28948
28952
28971
28977
28978
28984
28989
28999
29009
29048
29056
29060
29065
29072
29076
29085
29095
29107
29117
29147
29148
29160
29173
29185
29198
29208
29216
29217
29232
29240
29246
29253
29264
29268
29273
29283
29284
29286
29288
29295
29301
29308
29309
29315
29322
29323
29340
29349
29359
29370
29384
29393
29396
29403
29419
29426
29444
29445
29446
29447
29449
29451
29457
29469
29504
29505
29519
29525
29528
29531
29534
29540
29541
29547
29558
29564
29565
29572
29586
29590
29592
29594
29614
29624
29629
29630
29649
29657
29661
29666
29668
29672
29675
29677
29694
29701
29704
29718
29741
29742
29743
29763
29766
29770
29781
29793
29797
29798
29804
29820
29833
29835
29855
29857
29879
29894
29895
29903
29906
29929
29932
29933
29950
29957
29963
29976
29981
29990
30006
30007
30009
30040
30041
30047
30053
30058
30061
30063
30099
30100
30107
30115
30126
30128
30134
30152
30157
30161
30164
30173
30214
30215
30247
30249
30258
30259
30264
30267
30287
30292
30293
30300
30304
30315
30322
30323
30325
30326
30330
30348
30350
30360
30363
30367
30368
30379
30392
30393
30395
30396
30408
30414
30416
30419
30439
30442
30444
30446
30457
30460
30463
30467
30468
30472
30477
30479
30483
30486
30493
30494
30495
30499
30514
30542
30548
30549
30553
30561
30574
30580
30582
30587
30590
30592
30606
30612
30614
30619
30623
30628
30630
30633
30634
30635
30650
30663
30676
30678
30679
30684
30703
30705
30709
30721
30723
30724
30739
30754
30762
30764
30772
30779
30790
30794
30801
30826
30840
30843
30846
30849
30865
30868
30869
30880
30885
30886
30893
30898
30903
30916
30922
30929
30930
30939
30941
30951
30966
30972
30990
30992
31001
31013
31020
31022
31030
31032
31033
31035
31037
31042
31046
31048
31064
31072
31087
31088
31105
31112
31119
31141
31142
31158
31161
31164
31165
31174
31181
31187
31213
31215
31218
31220
31228
31236
31242
31243
31244
31250
31254
31278
31284
31290
31292
31303
31306
31340
31349
31363
31365
31369
31372
31402
31410
31414
31416
31427
31460
31463
31477
31490
31491
31499
31520
31526
31541
31542
31559
31560
31561
31574
31578
31588
31591
31601
31612
31619
31622
31623
31624
31625
31630
31633
31642
31645
31646
31650
31651
31659
31660
31665
31669
31671
31708
31719
31731
31736
31741
31746
31770
31791
31802
31803
31814
31819
31834
31843
31847
31849
31861
31870
31872
31876
31914
31944
31946
31967
31975
31985
31989
31992
31995
32000
32024
32028
32030
32037
32039
32040
32041
32050
32053
32057
32081
32085
32090
32109
32136
32141
32151
32154
32191
32198
32205
32209
32219
32228
32234
32265
32269
32277
32292
32313
32327
32342
32346
32347
32355
32364
32372
32373
32381
32383
32413
32425
32435
32446
32452
32464
32470
32483
32499
32514
32522
32525
32528
32536
32540
32552
32558
32559
32573
32578
32592
32599
32607
32611
32614
32624
32627
32628
32637
32649
32655
32666
32669
32671
32676
32702
32711
32714
32725
32727
32729
32735
32743
32752
32755
32768
32769
32779
32813
32824
32842
32847
32854
32857
32860
32863
32885
32888
32890
32898
32899
32903
32926
32928
32933
32934
32936
32943
32945
32952
32963
32964
32987
33030
33055
33057
33069
33073
33078
33091
33092
33093
33116
33122
33125
33131
33142
33150
33163
33172
33175
33184
33188
33192
33246
33263
33276
33282
33287
33328
33336
33344
33363
33372
33374
33390
33391
33397
33404
33414
33424
33438
33457
33459
33463
33465
33466
33470
33481
33495
33516
33517
33519
33538
33544
33552
33556
33560
33564
33565
33567
33568
33583
33585
33605
33615
33632
33636
33644
33647
33655
33670
33671
33680
33683
33694
33705
33707
33712
33717
33724
33725
33733
33743
33744
33747
33754
33757
33758
33778
33781
33783
33803
33809
33810
33827
33838
33850
33857
33868
33872
33874
33878
33890
33891
33894
33901
33915
33921
33930
33934
33941
33947
33957
33971
33976
33977
33980
33982
33983
33998
34006
34011
34057
34060
34070
34075
34080
34086
34105
34108
34113
34125
34133
34144
34147
34151
34171
34174
34186
34187
34194
34208
34211
34219
34236
34255
34258
34261
34268
34272
34273
34286
34289
34304
34307
34313
34321
34322
34326
34327
34336
34338
34347
34349
34351
34367
34371
34373
34379
34383
34389
34405
34414
34432
34443
34455
34464
34466
34493
34495
34500
34503
34521
34523
34546
34549
34569
34573
34579
34593
34595
34596
34598
34599
34615
34623
34624
34643
34651
34657
34662
34671
34682
34691
34700
34717
34734
34749
34750
34756
34764
34767
34777
34784
34796
34809
34812
34819
34820
34824
34830
34836
34900
34902
34904
34914
34926
34937
34942
34945
34962
34963
34964
34967
34968
34986
35015
35018
35020
35024
35028
35032
35056
35066
35068
35083
35089
35092
35093
35108
35111
35114
35134
35142
35148
35155
35183
35190
35194
35202
35203
35208
35210
35214
35223
35225
35237
35248
35259
35268
35276
35278
35282
35289
35291
35293
35300
35309
35310
35315
35345
35352
35370
35381
35383
35384
35399
35405
35407
35418
35425
35427
35437
35441
35445
35458
35459
35461
35463
35470
35475
35479
35481
35491
35493
35495
35498
35510
35532
35534
35543
35544
35556
35560
35577
35583
35587
35590
35596
35603
35613
35619
35620
35623
35624
35643
35654
35669
35673
35684
35688
35707
35710
35712
35715
35748
35762
35763
35767
35778
35791
35802
35808
35810
35814
35819
35821
35824
35826
35829
35838
35842
35843
35850
35855
35885
35891
35892
35894
35900
35905
35922
35927
35930
35931
35934
35935
35946
35947
35974
35987
35989
35998
36032
36038
36040
36050
36053
36065
36073
36077
36078
36079
36085
36093
36098
36117
36131
36150
36174
36182
36190
36200
36202
36203
36211
36218
36226
36233
36241
36263
36264
36267
36283
36286
36291
36296
36297
36313
36314
36321
36334
36351
36354
36363
36368
36378
36379
36423
36426
36427
36442
36449
36459
36462
36476
36495
36498
36502
36507
36522
36538
36546
36558
36560
36573
36575
36576
36588
36592
36615
36644
36651
36658
36672
36680
36700
36709
36716
36717
36719
36721
36731
36736
36759
36784
36790
36800
36804
36814
36820
36825
36827
36831
36843
36847
36868
36870
36892
36906
36914
36918
36932
36937
36943
36954
36973
36978
36979
36983
36989
36992
36994
36997
37007
37015
37018
37022
37032
37049
37051
37059
37076
37078
37083
37087
37095
37117
37125
37128
37131
37136
37142
37148
37150
37155
37161
37166
37198
37205
37216
37223
37252
37265
37275
37287
37291
37301
37305
37312
37320
37342
37348
37349
37351
37361
37368
37374
37389
37413
37423
37431
37432
37438
37444
37450
37458
37463
37468
37471
37482
37484
37502
37503
37510
37516
37531
37533
37545
37547
37550
37555
37561
37565
37583
37588
37600
37605
37610
37614
37617
37630
37631
37646
37649
37656
37658
37687
37690
37693
37696
37703
37709
37720
37728
37734
37787
37799
37803
37825
37831
37832
37844
37858
37863
37867
37872
37873
37878
37879
37883
37891
37892
37893
37898
37906
37907
37911
37926
37944
37949
37962
37971
37972
37980
37985
37991
37995
37998
38002
38016
38018
38027
38031
38033
38046
38047
38059
38069
38076
38083
38085
38099
38106
38108
38149
38152
38153
38159
38165
38167
38168
38174
38180
38184
38194
38199
38203
38209
38210
38211
38212
38223
38225
38231
38234
38248
38249
38283
38286
38291
38308
38326
38339
38340
38343
38368
38372
38373
38379
38399
38403
38405
38429
38440
38446
38454
38457
38463
38466
38472
38484
38495
38510
38514
38517
38523
38524
38526
38528
38542
38555
38563
38573
38580
38590
38593
38602
38606
38639
38641
38643
38650
38670
38678
38682
38684
38699
38731
38736
38741
38744
38767
38769
38789
38792
38793
38795
38796
38822
38824
38827
38828
38831
38839
38846
38856
38858
38863
38900
38906
38916
38930
38936
38951
38958
39006
39009
39021
39028
39032
39037
39042
39047
39059
39060
39067
39073
39079
39082
39090
39101
39109
39115
39125
39133
39134
39136
39150
39162
39165
39169
39176
39184
39185
39194
39195
39218
39219
39228
39239
39247
39248
39264
39268
39280
39287
39300
39309
39326
39332
39341
39345
39370
39372
39374
39377
39381
39382
39388
39396
39397
39401
39412
39415
39418
39427
39428
39432
39435
39457
39460
39474
39480
39488
39493
39498
39504
39509
39519
39535
39540
39541
39545
39566
39577
39591
39594
39595
39596
39603
39604
39607
39614
39616
39627
39638
39661
39662
39671
39676
39689
39691
39698
39715
39722
39737
39752
39760
39777
39780
39786
39791
39801
39806
39837
39838
39857
39859
39865
39867
39876
39878
39883
39886
39887
39897
39910
39911
39913
39919
39923
39934
39947
39949
39954
39959
39966
39970
39973
39976
39984
39987
40002
40014
40015
40021
40024
40036
40038
40055
40062
40081
40088
40089
40128
40141
40144
40150
40153
40157
40160
40166
40170
40176
40177
40180
40181
40187
40188
40194
40203
40213
40220
40230
40239
40246
40249
40251
40258
40262
40277
40289
40297
40315
40335
40344
40358
40361
40375
40387
40420
40439
40460
40462
40465
40470
40474
40482
40486
40494
40495
40504
40505
40529
40538
40546
40554
40565
40572
40581
40597
40603
40608
40617
40622
40629
40631
40636
40644
40648
40651
40655
40657
40662
40663
40672
40681
40712
40718
40720
40724
40751
40756
40758
40778
40779
40780
40782
40787
40790
40794
40805
40807
40816
40818
40826
40832
40835
40836
40837
40850
40882
40889
40893
40895
40899
40934
40939
40956
40968
40969
40972
40976
40992
41020
41027
41028
41032
41040
41054
41055
41064
41069
41085
41103
41107
41109
41114
41118
41127
41132
41133
41136
41139
41150
41151
41153
41162
41179
41186
41187
41192
41196
41202
41207
41244
41256
41259
41262
41265
41268
41289
41294
41295
41302
41303
41306
41309
41316
41319
41323
41327
41328
41335
41342
41345
41349
41359
41386
41402
41403
41418
41419
41425
41429
41435
41441
41447
41457
41458
41471
41481
41484
41502
41523
41525
41530
41538
41552
41555
41558
41559
41567
41569
41572
41580
41592
41598
41614
41617
41623
41636
41655
41666
41675
41676
41689
41702
41706
41715
41718
41721
41730
41732
41749
41756
41772
41776
41809
41813
41819
41841
41843
41845
41855
41862
41864
41870
41888
41903
41906
41911
41948
41951
41967
41975
41994
41996
41999
42006
42017
42021
42044
42051
42061
42071
42072
42074
42077
42080
42092
42094
42100
42110
42111
42114
42119
42128
42129
42136
42139
42141
42151
42154
42160
42163
42173
42177
42178
42187
42196
42252
42253
42258
42259
42271
42273
42275
42291
42298
42324
42336
42340
42348
42349
42353
42359
42369
42375
42376
42379
42393
42404
42418
42426
42432
42444
42461
42475
42488
42498
42506
42523
42543
42563
42578
42589
42599
42618
42623
42628
42638
42641
42660
42666
42671
42689
42692
42700
42702
42703
42711
42713
42732
42736
42748
42756
42776
42778
42783
42805
42813
42814
42822
42825
42828
42845
42864
42866
42868
42872
42873
42874
42885
42889
42903
42918
42935
42951
42965
42969
42982
42997
43019
43023
43037
43051
43057
43075
43084
43102
43104
43108
43119
43121
43122
43133
43140
43142
43154
43167
43172
43189
43193
43194
43197
43213
43222
43225
43238
43242
43244
43251
43260
43262
43268
43282
43287
43290
43292
43294
43319
43329
43330
43346
43364
43387
43391
43393
43398
43406
43409
43424
43425
43436
43458
43477
43479
43495
43501
43516
43518
43527
43540
43546
43547
43548
43557
43566
43578
43585
43588
43591
43597
43600
43609
43613
43616
43618
43619
43630
43639
43648
43655
43656
43658
43662
43674
43691
43702
43707
43716
43719
43720
43743
43745
43757
43765
43768
43774
43788
43796
43800
43808
43821
43826
43841
43892
43900
43902
43903
43907
43909
43925
43939
43943
43953
43958
43959
43963
43967
43972
43986
43994
44004
44021
44035
44057
44072
44074
44077
44078
44080
44085
44087
44095
44097
44101
44108
44157
44158
44172
44175
44177
44184
44192
44194
44198
44209
44210
44226
44237
44238
44251
44256
44258
44259
44260
44261
44276
44285
44288
44300
44313
44317
44326
44327
44335
44342
44352
44377
44380
44382
44389
44404
44412
44417
44422
44425
44430
44433
44443
44453
44457
44480
44485
44486
44493
44505
44528
44536
44539
44553
44570
44576
44581
44582
44584
44585
44603
44620
44626
44631
44651
44656
44666
44667
44677
44681
44682
44688
44695
44710
44716
44726
44738
44746
44749
44753
44756
44772
44775
44794
44797
44800
44801
44806
44813
44815
44819
44834
44835
44836
44840
44849
44850
44863
44881
44892
44895
44903
44912
44930
44931
44939
44941
44952
44965
44975
44976
44981
44984
44985
45020
45053
45058
45061
45064
45075
45077
45090
45102
45112
45124
45125
45138
45153
45155
45157
45164
45170
45180
45188
45190
45193
45200
45205
45212
45215
45219
45222
45231
45234
45238
45261
45262
45269
45270
45273
45284
45292
45303
45316
45318
45321
45324
45334
45340
45347
45349
45360
45364
45368
45374
45376
45388
45394
45395
45396
45410
45423
45425
45456
45458
45461
45464
45468
45470
45477
45484
45487
45493
45505
45507
45510
45526
45537
45563
45568
45572
45603
45606
45619
45621
45623
45624
45629
45644
45647
45651
45653
45656
45677
45686
45702
45711
45719
45742
45749
45761
45763
45771
45772
45778
45780
45783
45789
45792
45800
45803
45808
45812
45818
45825
45840
45848
45852
45856
45861
45865
45873
45906
45913
45920
45922
45939
45944
45949
45952
45957
45965
45968
45973
45974
45991
46010
46012
46026
46035
46038
46053
46055
46057
46059
46069
46071
46083
46085
46086
46091
46099
46116
46117
46129
46140
46150
46159
46162
46164
46171
46196
46225
46226
46229
46233
46240
46242
46243
46249
46260
46265
46271
46278
46289
46294
46316
46330
46331
46341
46349
46365
46369
46370
46372
46380
46385
46386
46387
46393
46398
46410
46412
46423
46434
46438
46455
46463
46467
46468
46475
46478
46496
46501
46502
46512
46513
46517
46526
46530
46544
46557
46561
46571
46578
46582
46585
46588
46599
46603
46616
46621
46626
46630
46657
46658
46667
46679
46707
46713
46725
46727
46729
46761
46766
46767
46768
46776
46783
46785
46791
46820
46831
46834
46836
46848
46849
46890
46894
46898
46900
46903
46904
46910
46916
46925
46927
46931
46938
46940
46942
46955
46967
46982
46989
46998
47003
47009
47013
47017
47018
47019
47026
47034
47036
47041
47045
47048
47049
47058
47059
47074
47093
47098
47100
47109
47117
47119
47132
47139
47140
47143
47155
47165
47166
47169
47175
47180
47184
47195
47206
47207
47222
47225
47226
47235
47242
47250
47259
47263
47274
47285
47288
47289
47295
47300
47306
47315
47330
47342
47344
47352
47353
47362
47365
47367
47370
47371
47379
47380
47381
47388
47394
47407
47417
47422
47431
47444
47453
47458
47473
47479
47496
47505
47506
47520
47545
47561
47565
47573
47579
47585
47586
47589
47594
47598
47607
47621
47629
47630
47632
47635
47638
47651
47672
47675
47678
47679
47700
47721
47731
47735
47760
47764
47774
47789
47806
47811
47819
47821
47826
47834
47861
47892
47925
47926
47927
47936
47940
47967
47973
47979
47982
48005
48014
48016
48021
48032
48033
48038
48046
48060
48066
48068
48070
48072
48077
48080
48083
48084
48101
48109
48111
48120
48122
48127
48130
48134
48141
48152
48164
48181
48190
48201
48205
48207
48214
48217
48228
48241
48248
48258
48260
48265
48268
48270
48279
48281
48288
48289
48290
48291
48292
48295
48307
48319
48321
48330
48331
48337
48341
48343
48347
48354
48356
48359
48368
48372
48387
48392
48418
48422
48424
48425
48431
48433
48435
48449
48464
48472
48484
48490
48509
48513
48517
48519
48523
48524
48526
48532
48542
48545
48550
48557
48567
48571
48575
48586
48597
48608
48609
48615
48623
48632
48641
48655
48661
48670
48687
48698
48710
48712
48723
48725
48728
48734
48738
48739
48744
48747
48748
48757
48764
48768
48772
48779
48785
48801
48803
48828
48860
48872
48885
48897
48899
48907
48913
48923
48939
48956
48976
48984
48990
49001
49005
49021
49024
49040
49049
49051
49056
49064
49067
49070
49082
49089
49090
49111
49115
49117
49132
49133
49140
49150
49154
49159
49160
49173
49195
49197
49208
49217
49224
49226
49233
49236
49241
49244
49247
49258
49261
49269
49277
49293
49297
49302
49307
49308
49315
49318
49328
49338
49382
49387
49394
49395
49397
49401
49403
49404
49417
49424
49432
49452
49466
49467
49471
49485
49489
49501
49503
49508
49509
49512
49515
49521
49534
49539
49540
49549
49556
49591
49597
49622
49624
49626
49643
49648
49651
49676
49682
49696
49699
49705
49706
49718
49720
49721
49727
49736
49739
49763
49769
49773
49781
49797
49811
49821
49825
49826
49829
49832
49834
49835
49836
49852
49863
49873
49885
49891
49916
49918
49928
49931
49943
49952
49963
49965
49966
49971
49991
49995
49996
50000
50015
50020
50033
50041
50042
50047
50051
50052
50058
50081
50084
50090
50099
50101
50106
50113
50120
50127
50136
50139
50174
50175
50177
50184
50190
50212
50214
50219
50222
50233
50245
50260
50262
50265
50286
50309
50314
50319
50325
50327
50328
50330
50335
50338
50342
50344
50348
50352
50356
50358
50381
50392
50395
50400
50402
50408
50429
50430
50447
50453
50455
50461
50467
50474
50481
50483
50490
50497
50506
50510
50511
50513
50517
50525
50526
50528
50536
50537
50539
50542
50547
50554
50556
50560
50566
50568
50577
50584
50586
50604
50611
50622
50627
50650
50652
50657
50667
50668
50681
50687
50692
50722
50723
50724
50729
50730
50738
50771
50779
50780
50782
50784
50805
50814
50816
50834
50841
50843
50849
50860
50864
50876
50883
50884
50897
50904
50916
50919
50934
50939
50946
50977
51023
51027
51032
51046
51051
51081
51090
51098
51107
51121
51122
51131
51135
51146
51147
51150
51176
51191
51196
51199
51215
51228
51231
51245
51249
51250
51253
51287
51288
51289
51323
51325
51333
51334
51350
51351
51365
51367
51379
51382
51387
51394
51395
51402
51408
51411
51412
51414
51415
51421
51428
51441
51455
51456
51464
51490
51494
51495
51499
51501
51507
51512
51533
51534
51536
51540
51548
51549
51552
51554
51570
51580
51587
51590
51599
51600
51614
51619
51620
51632
51647
51649
51650
51658
51660
51661
51663
51664
51678
51679
51692
51718
51723
51740
51767
51787
51799
51801
51809
51810
51825
51835
51838
51839
51844
51847
51857
51861
51889
51890
51894
51895
51898
51902
51917
51919
51923
51926
51930
51943
51950
51953
51961
51966
51982
51985
51989
51998
52004
52030
52032
52042
52047
52050
52060
52061
52073
52086
52088
52089
52099
52105
52111
52114
52131
52132
52140
52149
52159
52167
52194
52203
52210
52239
52247
52261
52270
52271
52284
52294
52297
52298
52300
52301
52303
52307
52328
52335
52338
52340
52346
52354
52361
52363
52377
52384
52389
52392
52405
52451
52455
52460
52464
52473
52482
52508
52510
52511
52515
52548
52564
52584
52600
52601
52615
52629
52630
52632
52634
52654
52661
52666
52671
52676
52679
52680
52695
52715
52723
52748
52760
52768
52770
52786
52787
52808
52815
52820
52829
52842
52881
52887
52888
52901
52906
52909
52910
52923
52935
52955
52966
52975
52976
52986
53004
53013
53017
53029
53051
53060
53067
53085
53099
53100
53109
53112
53125
53135
53150
53156
53163
53168
53171
53180
53187
53188
53199
53209
53214
53226
53242
53253
53256
53260
53262
53266
53288
53295
53304
53330
53332
53333
53334
53338
53343
53358
53359
53442
53446
53451
53452
53454
53455
53459
53470
53473
53478
53490
53491
53497
53512
53523
53531
53541
53543
53550
53585
53588
53589
53590
53592
53593
53604
53612
53620
53621
53630
53635
53642
53650
53654
53664
53666
53668
53692
53707
53709
53726
53740
53745
53749
53777
53783
53785
53795
53797
53798
53806
53819
53824
53825
53826
53831
53844
53845
53853
53858
53861
53871
53886
53891
53892
53902
53903
53914
53927
53928
53930
53943
53948
53956
53960
53964
53975
53978
53998
54001
54005
54006
54010
54017
54019
54022
54035
54045
54050
54055
54056
54074
54089
54098
54102
54104
54111
54113
54118
54119
54139
54147
54159
54160
54170
54180
54181
54185
54188
54191
54199
54201
54203
54207
54209
54215
54217
54219
54232
54254
54257
54263
54266
54274
54280
54289
54296
54299
54303
54304
54306
54323
54330
54331
54337
54347
54350
54357
54362
54365
54367
54375
54379
54383
54384
54389
54390
54419
54426
54427
54428
54432
54434
54437
54451
54454
54460
54468
54471
54472
54475
54477
54485
54494
54511
54516
54529
54530
54539
54542
54560
54564
54565
54583
54584
54595
54598
54601
54603
54606
54617
54619
54622
54625
54627
54630
54631
54645
54658
54668
54669
54713
54715
54717
54721
54745
54749
54768
54793
54811
54814
54825
54832
54833
54846
54859
54861
54869
54870
54874
54875
54884
54889
54891
54903
54915
54917
54929
54954
54956
54958
54962
54969
54972
54979
54982
54983
54992
54994
54995
55003
55007
55014
55017
55029
55037
55047
55053
55068
55089
55090
55104
55112
55125
55127
55137
55142
55156
55159
55165
55167
55170
55171
55173
55181
55182
55184
55197
55198
55205
55211
55239
55244
55264
55274
55275
55276
55278
55289
55294
55295
55298
55315
55321
55323
55324
55327
55334
55337
55342
55347
55353
55360
55366
55375
55386
55387
55398
55402
55405
55411
55415
55424
55425
55434
55451
55465
55474
55492
55496
55503
55517
55533
55548
55553
55556
55564
55567
55577
55578
55594
55596
55602
55604
55610
55618
55624
55644
55656
55658
55660
55667
55669
55675
55680
55682
55684
55694
55701
55703
55705
55708
55712
55716
55719
55720
55733
55738
55751
55755
55756
55771
55774
55821
55833
55837
55843
55848
55901
55912
55938
55959
55963
55968
55971
55972
55980
55982
55986
55990
55993
56001
56021
56028
56029
56038
56043
56056
56064
56077
56080
56082
56083
56088
56094
56095
56112
56122
56124
56140
56164
56176
56178
56179
56181
56186
56190
56192
56194
56197
56215
56221
56235
56275
56276
56293
56300
56308
56323
56333
56352
56353
56357
56368
56369
56371
56376
56379
56395
56411
56416
56418
56422
56441
56443
56456
56464
56471
56487
56490
56491
56493
56501
56519
56523
56526
56537
56540
56544
56548
56549
56550
56551
56566
56579
56586
56601
56603
56605
56609
56625
56673
56700
56708
56711
56714
56719
56725
56730
56734
56738
56742
56772
56775
56776
56782
56792
56823
56825
56849
56854
56857
56867
56873
56878
56889
56892
56900
56902
56907
56910
56921
56938
56946
56958
56984
56992
56997
57002
57006
57009
57037
57039
57042
57044
57046
57060
57065
57074
57089
57094
57097
57108
57109
57118
57145
57157
57158
57179
57199
57225
57226
57228
57240
57247
57250
57251
57253
57255
57256
57258
57260
57267
57271
57272
57289
57304
57307
57309
57315
57341
57348
57372
57377
57379
57390
57406
57426
57439
57443
57444
57448
57461
57466
57468
57478
57480
57481
57482
57512
57513
57520
57522
57524
57538
57540
57559
57565
57587
57604
57611
57612
57643
57645
57658
57661
57665
57669
57672
57680
57692
57707
57715
57718
57719
57722
57724
57733
57734
57741
57755
57758
57769
57771
57784
57791
57802
57805
57811
57812
57823
57829
57833
57842
57847
57853
57854
57858
57862
57864
57875
57883
57885
57898
57915
57925
57929
57935
57951
57958
57965
57972
57988
58026
58027
58038
58043
58053
58058
58071
58083
58088
58097
58098
58099
58102
58105
58126
58128
58130
58169
58170
58173
58176
58182
58188
58197
58208
58209
58210
58229
58251
58255
58260
58263
58264
58275
58285
58289
58308
58316
58318
58325
58333
58337
58338
58351
58362
58365
58367
58369
58371
58372
58378
58390
58392
58394
58395
58417
58426
58430
58437
58445
58454
58459
58460
58465
58471
58496
58508
58509
58516
58531
58535
58539
58545
58553
58564
58569
58573
58581
58584
58603
58615
58618
58621
58637
58641
58664
58666
58668
58680
58684
58693
58707
58709
58712
58713
58719
58733
58734
58736
58737
58738
58740
58742
58743
58749
58753
58756
58775
58776
58777
58778
58780
58789
58794
58795
58800
58801
58825
58838
58853
58862
58866
58868
58886
58891
58899
58924
58961
58964
58967
58971
58982
58985
58990
58993
59002
59008
59013
59014
59015
59016
59018
59032
59033
59046
59055
59057
59061
59069
59072
59083
59091
59107
59127
59134
59141
59148
59151
59164
59171
59172
59182
59184
59200
59208
59225
59235
59237
59239
59240
59247
59252
59255
59266
59271
59273
59276
59286
59290
59295
59297
59306
59326
59337
59345
59358
59361
59372
59376
59386
59387
59391
59398
59403
59411
59412
59415
59416
59417
59418
59419
59424
59429
59432
59434
59451
59459
59465
59467
59494
59509
59512
59515
59518
59521
59522
59527
59530
59568
59580
59585
59588
59601
59606
59614
59634
59641
59644
59674
59689
59708
59712
59715
59722
59724
59731
59759
59766
59777
59779
59803
59805
59808
59824
59838
59843
59847
59853
59854
59861
59863
59869
59879
59895
59906
59914
59924
59928
59937
59950
59955
59956
59959
59961
59968
59987
59994
59995
59998
60004
60005
60009
60012
60031
60036
60052
60054
60056
60062
60076
60084
60097
60099
60123
60132
60140
60150
60166
60171
60176
60177
60178
60205
60208
60212
60236
60248
60250
60259
60262
60266
60277
60288
60295
60326
60329
60336
60337
60338
60339
60349
60359
60363
60367
60368
60374
60378
60382
60405
60408
60411
60433
60444
60450
60452
60471
60480
60481
60483
60486
60487
60492
60518
60524
60528
60532
60539
60543
60545
60551
60554
60556
60563
60565
60581
60584
60592
60600
60602
60605
60614
60618
60619
60620
60628
60630
60648
60652
60654
60658
60663
60664
60673
60674
60689
60695
60710
60741
60743
60753
60765
60768
60772
60780
60798
60806
60807
60818
60820
60822
60825
60826
60828
60831
60845
60850
60853
60854
60858
60869
60872
60887
60911
60913
60921
60924
60928
60932
60934
60944
60948
60950
60954
60972
60974
60978
60988
60990
60991
61000
61009
61018
61025
61034
61037
61038
61046
61047
61066
61068
61071
61083
61090
61095
61096
61097
61107
61119
61143
61147
61153
61168
61169
61179
61189
61194
61199
61200
61203
61205
61220
61224
61225
61234
61236
61248
61263
61267
61276
61279
61281
61285
61290
61292
61294
61301
61303
61313
61314
61315
61316
61321
61336
61351
61358
61362
61372
61376
61397
61401
61407
61440
61445
61449
61459
61461
61472
61474
61497
61504
61515
61559
61585
61587
61592
61601
61612
61613
61618
61620
61629
61640
61646
61652
61658
61660
61665
61668
61685
61696
61697
61701
61703
61711
61713
61723
61726
61730
61734
61736
61739
61749
61751
61754
61761
61764
61784
61788
61797
61813
61818
61824
61830
61831
61832
61840
61865
61869
61871
61876
61891
61900
61906
61912
61936
61939
61948
61953
61960
61961
61963
61988
61992
61996
61999
62010
62033
62069
62075
62077
62085
62086
62087
62092
62094
62105
62109
62123
62144
62148
62152
62161
62175
62176
62183
62193
62194
62199
62200
62202
62213
62215
62227
62249
62269
62281
62288
62291
62302
62303
62304
62310
62313
62333
62336
62338
62344
62348
62384
62385
62394
62398
62405
62409
62411
62415
62418
62424
62425
62430
62447
62448
62455
62457
62465
62466
62468
62494
62504
62512
62516
62522
62525
62526
62537
62565
62570
62572
62575
62593
62602
62612
62629
62630
62635
62636
62643
62645
62647
62648
62649
62656
62658
62662
62664
62666
62667
62671
62674
62689
62708
62711
62719
62724
62746
62747
62748
62749
62766
62779
62781
62782
62788
62793
62799
62802
62804
62805
62814
62819
62848
62853
62867
62869
62874
62894
62897
62900
62901
62902
62905
62909
62916
62922
62928
62929
62951
62953
62967
62977
63000
63004
63007
63010
63012
63022
63023
63032
63038
63057
63088
63090
63093
63100
63104
63111
63121
63123
63126
63130
63138
63160
63161
63168
63169
63180
63181
63183
63206
63220
63235
63236
63237
63241
63255
63265
63280
63288
63289
63296
63298
63303
63306
63313
63323
63335
63357
63366
63380
63382
63395
63401
63402
63404
63410
63419
63433
63439
63442
63448
63451
63454
63455
63478
63498
63520
63523
63542
63543
63544
63545
63551
63561
63564
63569
63577
63580
63584
63592
63615
63624
63627
63635
63636
63642
63659
63676
63684
63687
63721
63731
63732
63742
63749
63753
63775
63791
63796
63798
63799
63818
63832
63853
63858
63860
63861
63888
63894
63897
63905
63908
63925
63929
63932
63940
63947
63957
63962
63984
63988
63995
64000
64002
64004
64017
64020
64041
64050
64062
64068
64081
64089
64099
64106
64107
64110
64123
64147
64148
64149
64153
64160
64178
64185
64187
64192
64199
64201
64202
64207
64211
64216
64217
64223
64225
64243
64248
64249
64250
64253
64256
64264
64273
64290
64304
64308
64315
64336
64347
64362
64365
64373
64383
64387
64390
64394
64401
64407
64409
64412
64417
64418
64423
64428
64430
64435
64446
64455
64465
64467
64475
64478
64537
64549
64558
64559
64564
64569
64570
64573
64577
64579
64616
64627
64629
64632
64643
64647
64656
64683
64701
64706
64715
64719
64739
64742
64745
64749
64767
64769
64773
64776
64780
64784
64785
64788
64791
64792
64802
64803
64805
64827
64831
64837
64850
64858
64862
64863
64865
64879
64882
64892
64899
64900
64909
64912
64913
64916
64926
64929
64930
64942
64943
64945
64949
64965
64967
64972
65003
65007
65011
65017
65024
65025
65032
65033
65034
65038
65041
65045
65051
65057
65061
65065
65070
65075
65101
65102
65107
65118
65126
65128
65130
65139
65152
65153
65158
65160
65169
65179
65198
65200
65205
65207
65209
65219
65226
65233
65240
65250
65265
65266
65277
65283
65294
65297
65312
65318
65342
65352
65354
65357
65370
65378
65382
65383
65388
65394
65395
65414
65417
65418
65428
65436
65437
65438
65441
65479
65480
65483
65490
65492
65503
65510
65518
65523
65524
65529
65542
65551
65554
65563
65585
65608
65609
65612
65617
65628
65633
65635
65642
65660
65665
65666
65670
65700
65714
65719
65727
65738
65743
65750
65756
65758
65760
65765
65770
65771
65775
65780
65784
65801
65805
65817
65833
65834
65847
65867
65868
65873
65877
65906
65908
65915
65928
65930
65933
65936
65948
65956
65962
65973
65988
65993
66002
66026
66034
66052
66060
66091
66117
66118
66131
66135
66144
66146
66151
66164
66171
66172
66183
66187
66195
66196
66212
66214
66240
66242
66270
66273
66305
66309
66314
66323
66325
66333
66342
66343
66349
66358
66367
66373
66376
66377
66384
66395
66402
66405
66413
66423
66430
66436
66440
66469
66470
66473
66474
66478
66492
66496
66501
66509
66513
66517
66526
66534
66554
66581
66594
66599
66609
66611
66616
66618
66622
66644
66650
66651
66654
66673
66735
66736
66742
66746
66751
66765
66772
66774
66775
66797
66798
66802
66826
66840
66874
66877
66883
66918
66922
66931
66933
66951
66953
66967
66973
66976
66977
66981
66982
66984
66986
66993
66996
67006
67037
67038
67051
67054
67058
67079
67090
67097
67109
67116
67125
67142
67152
67159
67164
67175
67203
67214
67242
67244
67247
67255
67256
67264
67267
67270
67275
67305
67329
67338
67343
67353
67368
67372
67395
67396
67406
67411
67415
67428
67430
67435
67440
67462
67469
67470
67471
67476
67487
67488
67499
67501
67502
67503
67515
67519
67524
67536
67539
67543
67545
67546
67555
67557
67559
67567
67576
67585
67600
67606
67616
67619
67627
67640
67644
67653
67655
67656
67661
67665
67667
67678
67679
67696
67700
67712
67715
67723
67739
67745
67749
67752
67776
67784
67801
67833
67839
67873
67881
67893
67899
67910
67911
67926
67928
67950
67951
67957
67959
67963
67966
67967
67975
67980
67982
67983
67985
67995
67996
68011
68018
68027
68038
68042
68046
68057
68063
68064
68071
68086
68092
68093
68095
68097
68108
68110
68119
68125
68138
68170
68174
68181
68210
68215
68219
68231
68232
68241
68245
68250
68259
68264
68265
68267
68270
68280
68282
68288
68292
68295
68301
68303
68312
68335
68344
68363
68371
68382
68402
68408
68409
68412
68413
68414
68415
68418
68420
68432
68439
68447
68457
68458
68470
68475
68483
68495
68511
68518
68524
68525
68532
68535
68536
68542
68544
68556
68562
68565
68597
68603
68612
68624
68648
68659
68662
68663
68667
68681
68686
68694
68702
68706
68709
68718
68720
68731
68745
68755
68760
68761
68775
68779
68783
68785
68789
68817
68828
68834
68836
68837
68846
68852
68853
68857
68863
68866
68875
68876
68879
68886
68889
68896
68907
68909
68922
68926
68927
68928
68929
68930
68933
68938
68959
68961
68968
68986
69002
69028
69029
69073
69078
69082
69097
69098
69103
69104
69111
69112
69118
69121
69137
69150
69157
69160
69161
69163
69174
69182
69184
69187
69198
69202
69215
69222
69224
69225
69234
69237
69238
69246
69248
69258
69264
69275
69276
69301
69307
69308
69320
69322
69361
69363
69368
69382
69392
69405
69414
69418
69436
69446
69472
69474
69479
69483
69509
69514
69521
69527
69529
69535
69555
69568
69577
69592
69605
69613
69617
69630
69645
69646
69649
69663
69668
69680
69687
69699
69711
69718
69733
69735
69736
69747
69748
69751
69760
69766
69767
69792
69794
69800
69816
69826
69828
69833
69841
69848
69859
69864
69867
69878
69893
69894
69900
69907
69911
69925
69939
69944
69948
69949
69971
69979
69980
69981
69987
69989
69992
69994
70028
70041
70046
70049
70054
70058
70061
70069
70086
70091
70102
70105
70116
70125
70133
70148
70157
70159
70189
70190
70208
70213
70226
70232
70238
70240
70246
70260
70262
70266
70276
70280
70281
70291
70298
70301
70319
70335
70336
70340
70361
70367
70380
70383
70385
70418
70425
70434
70439
70441
70468
70473
70478
70480
70481
70482
70485
70495
70532
70539
70541
70549
70552
70553
70578
70579
70582
70604
70613
70620
70624
70630
70632
70636
70642
70683
70687
70691
70692
70699
70701
70705
70720
70735
70743
70759
70764
70765
70769
70778
70800
70802
70803
70813
70817
70823
70835
70846
70848
70854
70859
70861
70865
70866
70879
70889
70905
70915
70924
70935
70948
70962
70981
70986
70991
70992
70995
70996
71026
71027
71033
71034
71037
71048
71050
71065
71066
71094
71105
71107
71120
71121
71133
71148
71150
71151
71165
71171
71195
71199
71201
71203
71230
71235
71240
71258
71266
71278
71288
71294
71299
71325
71335
71344
71346
71375
71377
71382
71390
71395
71399
71408
71425
71426
71447
71453
71483
71504
71510
71512
71518
71528
71536
71547
71552
71566
71577
71590
71605
71623
71628
71630
71649
71650
71664
71677
71682
71684
71690
71696
71698
71709
71710
71711
71720
71727
71732
71738
71741
71758
71761
71762
71775
71793
71796
71805
71808
71814
71829
71833
71835
71840
71851
71859
71893
71904
71913
71914
71916
71919
71922
71925
71959
71960
71968
71978
71985
71989
71995
72000
72002
72008
72018
72030
72034
72036
72037
72048
72067
72068
72082
72087
72088
72092
72104
72108
72109
72122
72130
72132
72146
72149
72155
72157
72160
72170
72180
72182
72183
72195
72203
72206
72210
72216
72222
72223
72228
72232
72240
72250
72258
72265
72274
72275
72277
72288
72297
72298
72310
72328
72330
72342
72344
72347
72350
72362
72366
72381
72387
72396
72415
72426
72435
72447
72448
72449
72466
72480
72488
72501
72518
72519
72522
72530
72532
72535
72544
72547
72550
72552
72555
72556
72557
72559
72568
72574
72585
72587
72590
72591
72601
72609
72610
72615
72619
72640
72646
72648
72665
72672
72677
72715
72716
72719
72724
72728
72729
72759
72762
72776
72785
72793
72799
72806
72816
72847
72849
72870
72875
72876
72879
72881
72883
72889
72890
72895
72907
72924
72927
72931
72941
72944
72949
72968
72975
72976
72978
72986
72992
72993
72997
73007
73008
73020
73027
73032
73033
73047
73050
73054
73059
73061
73066
73076
73093
73094
73102
73113
73114
73118
73119
73125
73131
73139
73148
73156
73163
73169
73175
73178
73184
73197
73209
73219
73220
73245
73254
73264
73268
73272
73275
73279
73283
73284
73286
73299
73317
73321
73333
73356
73372
73398
73416
73419
73421
73425
73430
73440
73443
73447
73458
73461
73470
73473
73475
73479
73480
73482
73483
73498
73501
73507
73517
73519
73524
73525
73530
73552
73554
73564
73580
73587
73592
73609
73617
73620
73639
73640
73647
73649
73661
73668
73671
73676
73699
73714
73725
73730
73731
73736
73748
73755
73758
73774
73779
73786
73791
73792
73797
73804
73807
73823
73826
73828
73834
73840
73855
73859
73865
73866
73875
73879
73881
73882
73885
73896
73899
73901
73921
73922
73927
73930
73941
73945
73948
73949
73960
73973
73974
73977
73981
74003
74017
74020
74021
74037
74047
74049
74051
74056
74058
74060
74088
74095
74106
74108
74118
74120
74130
74139
74149
74159
74168
74192
74207
74211
74225
74237
74246
74254
74258
74264
74268
74288
74291
74311
74314
74321
74324
74330
74366
74371
74372
74388
74400
74425
74437
74439
74441
74451
74456
74462
74467
74476
74479
74483
74484
74488
74490
74498
74519
74522
74526
74527
74541
74542
74545
74556
74557
74562
74563
74574
74575
74585
74604
74614
74617
74620
74639
74647
74650
74656
74658
74660
74664
74667
74703
74709
74715
74721
74724
74729
74754
74757
74758
74767
74772
74781
74787
74788
74798
74802
74810
74816
74827
74832
74835
74849
74851
74856
74858
74875
74877
74879
74892
74893
74927
74929
74930
74943
74952
74979
74997
75002
75007
75035
75038
75044
75047
75055
75056
75059
75067
75080
75087
75124
75127
75128
75129
75136
75140
75142
75147
75151
75153
75155
75157
75175
75189
75200
75204
75213
75215
75216
75223
75229
75247
75253
75265
75271
75280
75303
75308
75309
75324
75333
75336
75344
75345
75349
75356
75365
75380
75382
75393
75394
75399
75401
75403
75406
75413
75414
75415
75420
75438
75445
75448
75474
75481
75489
75509
75510
75511
75527
75531
75540
75541
75562
75569
75573
75582
75585
75598
75602
75603
75606
75616
75620
75622
75631
75646
75648
75654
75656
75661
75669
75685
75710
75714
75727
75730
75760
75774
75780
75795
75797
75798
75806
75807
75813
75815
75821
75829
75849
75850
75853
75857
75858
75860
75861
75865
75874
75877
75885
75887
75892
75893
75895
75901
75915
75921
75929
75932
75941
75946
75966
75979
75993
76004
76006
76007
76012
76017
76018
76029
76033
76038
76057
76080
76083
76086
76099
76109
76121
76123
76125
76142
76159
76172
76180
76181
76187
76188
76189
76194
76196
76197
76199
76202
76213
76218
76222
76224
76241
76244
76246
76257
76259
76260
76270
76271
76278
76293
76303
76307
76309
76325
76330
76333
76336
76340
76345
76349
76351
76352
76363
76377
76381
76392
76399
76404
76410
76424
76425
76435
76436
76453
76454
76461
76468
76483
76490
76491
76498
76500
76501
76504
76506
76516
76520
76527
76530
76536
76548
76551
76557
76565
76592
76604
76607
76612
76613
76621
76627
76634
76635
76637
76648
76649
76650
76653
76667
76671
76678
76683
76686
76687
76697
76701
76711
76713
76716
76720
76732
76738
76739
76756
76778
76783
76797
76799
76810
76813
76815
76821
76826
76834
76836
76842
76846
76847
76850
76856
76860
76870
76873
76875
76883
76894
76897
76912
76927
76929
76942
76953
76955
76962
76968
76972
76993
76995
77010
77018
77026
77034
77040
77048
77051
77079
77082
77085
77093
77100
77106
77109
77122
77123
77150
77152
77155
77160
77164
77180
77211
77217
77235
77239
77241
77250
77258
77270
77272
77274
77281
77286
77298
77300
77305
77310
77314
77319
77324
77332
77333
77336
77347
77349
77355
77359
77385
77388
77394
77395
77396
77397
77437
77458
77459
77513
77543
77545
77556
77560
77568
77570
77579
77587
77596
77598
77605
77640
77644
77667
77668
77696
77715
77716
77717
77726
77742
77765
77776
77777
77780
77793
77807
77827
77836
77839
77844
77866
77873
77874
77903
77915
77932
77942
77946
77953
77968
77975
77982
77989
78001
78007
78014
78042
78049
78066
78068
78070
78076
78085
78092
78104
78115
78119
78125
78147
78168
78175
78189
78194
78201
78204
78219
78222
78224
78232
78244
78248
78255
78257
78260
78265
78271
78278
78280
78282
78283
78293
78294
78305
78309
78337
78347
78356
78365
78369
78388
78390
78391
78401
78402
78404
78411
78421
78427
78432
78441
78444
78452
78453
78454
78459
78472
78478
78480
78481
78482
78485
78486
78493
78502
78507
78511
78517
78525
78533
78553
78563
78568
78576
78577
78588
78595
78601
78609
78611
78618
78620
78621
78622
78626
78632
78642
78650
78651
78652
78676
78688
78693
78709
78712
78724
78749
78751
78755
78757
78759
78767
78768
78778
78790
78801
78803
78819
78822
78826
78828
78832
78839
78841
78842
78845
78851
78852
78856
78865
78870
78888
78890
78892
78894
78904
78913
78930
78933
78937
78946
78950
78959
78964
78975
78980
78981
78993
79001
79015
79018
79025
79028
79029
79039
79046
79050
79051
79053
79062
79072
79075
79079
79095
79097
79099
79105
79118
79135
79145
79148
79154
79175
79188
79192
79193
79196
79204
79208
79211
79222
79223
79225
79234
79237
79254
79257
79262
79281
79289
79290
79298
79300
79305
79306
79308
79310
79315
79338
79342
79375
79377
79384
79385
79389
79396
79413
79415
79425
79428
79431
79433
79448
79458
79463
79467
79473
79480
79489
79490
79495
79506
79511
79525
79532
79547
79550
79557
79564
79570
79578
79583
79585
79601
79605
79610
79615
79658
79671
79673
79674
79683
79685
79692
79693
79699
79708
79711
79713
79722
79724
79730
79734
79749
79763
79767
79772
79775
79804
79809
79810
79812
79814
79822
79831
79841
79845
79853
79883
79887
79899
79904
79925
79928
79929
79934
79941
79948
79951
79952
79955
79960
79974
79988
79991
79994
79998
80004
80005
80012
80019
80028
80034
80046
80051
80059
80063
80073
80091
80098
80107
80125
80128
80129
80139
80154
80160
80164
80178
80193
80209
80236
80259
80263
80289
80295
80298
80302
80306
80308
80326
80329
80348
80352
80371
80378
80384
80405
80407
80408
80417
80418
80426
80427
80429
80441
80444
80445
80452
80459
80471
80473
80479
80491
80497
80507
80508
80521
80537
80550
80560
80561
80563
80569
80570
80579
80599
80600
80611
80615
80616
80629
80650
80655
80658
80662
80669
80675
80684
80688
80692
80702
80709
80710
80740
80750
80754
80755
80767
80780
80793
80798
80810
80813
80820
80822
80827
80832
80837
80862
80866
80871
80887
80890
80891
80899
80907
80908
80909
80917
80920
80953
80954
80955
80970
80972
80976
80982
80992
81005
81008
81021
81031
81035
81050
81053
81054
81056
81057
81086
81100
81102
81103
81109
81111
81112
81113
81114
81122
81141
81147
81150
81152
81168
81183
81192
81216
81222
81225
81239
81254
81257
81274
81275
81278
81279
81281
81291
81292
81309
81312
81313
81314
81330
81343
81347
81350
81351
81353
81358
81367
81374
81376
81380
81391
81395
81406
81421
81434
81435
81440
81441
81442
81451
81452
81455
81456
81477
81480
81483
81500
81506
81520
81533
81561
81563
81565
81580
81581
81587
81588
81601
81607
81627
81637
81647
81674
81676
81681
81683
81694
81701
81704
81713
81723
81734
81752
81768
81777
81787
81804
81808
81832
81838
81842
81849
81853
81854
81855
81858
81861
81868
81871
81875
81883
81892
81897
81907
81910
81919
81928
81934
81944
81958
81973
81976
81977
81978
81988
82003
82013
82014
82028
82033
82038
82048
82060
82063
82070
82081
82082
82088
82099
82101
82106
82115
82116
82120
82122
82132
82137
82153
82185
82195
82203
82207
82213
82215
82222
82236
82238
82244
82256
82275
82278
82285
82290
82293
82296
82301
82311
82318
82327
82345
82347
82352
82354
82360
82367
82385
82387
82389
82399
82409
82418
82421
82448
82452
82458
82463
82465
82480
82485
82486
82490
82494
82505
82506
82534
82535
82543
82544
82549
82560
82564
82570
82574
82580
82611
82615
82634
82646
82651
82661
82663
82676
82678
82680
82682
82683
82684
82693
82697
82700
82705
82727
82736
82760
82765
82775
82780
82788
82789
82793
82821
82827
82846
82850
82857
82866
82867
82872
82885
82924
82931
82947
82955
82968
82972
82977
82986
83000
83004
83029
83041
83045
83060
83069
83073
83077
83084
83087
83102
83116
83131
83140
83141
83143
83144
83169
83178
83190
83194
83196
83198
83201
83215
83217
83235
83239
83246
83248
83261
83262
83273
83275
83277
83280
83282
83292
83299
83300
83310
83312
83315
83316
83319
83335
83338
83353
83357
83371
83377
83406
83408
83422
83447
83464
83465
83479
83485
83491
83497
83499
83506
83508
83527
83533
83535
83540
83552
83558
83559
83563
83573
83574
83583
83584
83587
83598
83601
83615
83618
83636
83639
83641
83652
83653
83655
83666
83674
83678
83688
83689
83699
83705
83706
83719
83737
83759
83764
83765
83770
83771
83787
83798
83806
83814
83827
83829
83841
83842
83852
83856
83877
83887
83906
83911
83913
83915
83925
83927
83939
83941
83950
83955
83956
83958
83964
83969
83972
83979
83987
83993
83995
84000
84018
84021
84024
84040
84060
84062
84070
84080
84081
84095
84106
84110
84111
84128
84134
84136
84144
84148
84151
84162
84163
84174
84182
84188
84192
84194
84228
84229
84255
84260
84261
84270
84275
84278
84279
84280
84298
84305
84306
84311
84312
84323
84330
84333
84364
84371
84374
84387
84388
84389
84397
84400
84413
84437
84443
84444
84445
84451
84452
84469
84474
84476
84480
84483
84491
84495
84496
84510
84511
84527
84533
84534
84535
84537
84544
84548
84553
84561
84563
84573
84578
84582
84589
84590
84601
84607
84610
84613
84624
84630
84632
84633
84644
84662
84667
84671
84672
84688
84711
84717
84719
84730
84737
84751
84753
84771
84798
84802
84803
84814
84822
84824
84830
84835
84840
84843
84851
84872
84881
84887
84908
84921
84928
84944
84950
84956
84957
84964
84975
84977
84986
84987
84990
84993
85002
85011
85038
85043
85048
85051
85052
85065
85074
85077
85088
85090
85105
85131
85132
85154
85156
85160
85172
85173
85186
85192
85220
85238
85240
85243
85253
85258
85259
85266
85267
85279
85292
85301
85315
85321
85324
85326
85334
85338
85339
85364
85372
85374
85387
85391
85393
85399
85403
85404
85412
85417
85426
85429
85434
85438
85456
85457
85458
85459
85478
85479
85481
85483
85495
85499
85500
85507
85535
85541
85546
85568
85575
85576
85578
85584
85586
85589
85605
85613
85625
85632
85641
85643
85653
85661
85678
85685
85686
85689
85698
85711
85727
85729
85740
85748
85751
85759
85772
85774
85780
85789
85792
85798
85820
85823
85831
85832
85846
85861
85862
85865
85884
85886
85887
85898
85903
85908
85916
85919
85920
85925
85929
85954
85965
85968
85971
85978
85983
85989
85998
86011
86015
86019
86029
86038
86051
86053
86099
86101
86107
86118
86124
86130
86133
86137
86142
86145
86146
86152
86154
86156
86157
86159
86160
86165
86171
86183
86193
86194
86195
86211
86213
86217
86225
86252
86254
86267
86276
86278
86282
86295
86305
86307
86308
86317
86321
86325
86328
86350
86360
86363
86368
86375
86378
86382
86395
86409
86411
86426
86429
86433
86439
86441
86459
86461
86463
86471
86480
86487
86496
86498
86502
86509
86514
86528
86546
86555
86562
86568
86586
86612
86613
86627
86631
86634
86636
86657
86661
86677
86678
86712
86721
86738
86741
86747
86760
86785
86788
86789
86801
86806
86819
86820
86840
86855
86860
86865
86866
86874
86884
86908
86921
86925
86938
86941
86942
86947
86949
86951
86953
86955
86956
86960
86962
87001
87002
87017
87045
87061
87065
87071
87072
87080
87083
87098
87101
87107
87115
87124
87127
87138
87141
87152
87157
87161
87177
87179
87181
87185
87193
87194
87203
87214
87215
87229
87255
87258
87261
87281
87282
87283
87289
87291
87303
87315
87329
87331
87334
87338
87347
87348
87353
87354
87360
87366
87375
87378
87381
87385
87386
87398
87404
87418
87421
87434
87446
87451
87452
87458
87468
87471
87472
87473
87492
87495
87496
87510
87520
87521
87530
87537
87553
87559
87566
87571
87589
87600
87619
87631
87639
87642
87646
87658
87661
87662
87667
87669
87675
87680
87689
87711
87735
87745
87780
87783
87843
87846
87867
87869
87879
87893
87910
87912
87913
87922
87939
87958
87959
87969
87975
87976
87984
87991
88015
88033
88061
88067
88077
88083
88084
88085
88086
88088
88093
88109
88110
88123
88142
88145
88147
88148
88155
88163
88195
88196
88198
88204
88213
88218
88229
88240
88255
88262
88279
88286
88290
88294
88305
88317
88320
88342
88344
88345
88346
88365
88369
88385
88389
88393
88399
88401
88413
88418
88425
88429
88444
88458
88465
88472
88474
88475
88481
88484
88486
88489
88492
88498
88506
88507
88526
88533
88543
88556
88560
88561
88562
88571
88579
88589
88591
88594
88596
88598
88606
88609
88612
88619
88620
88632
88647
88649
88662
88664
88672
88673
88682
88683
88684
88685
88686
88690
88698
88738
88758
88761
88771
88781
88784
88787
88788
88790
88795
88804
88805
88806
88807
88811
88819
88824
88835
88845
88853
88863
88870
88879
88882
88902
88905
88911
88913
88921
88926
88931
88935
88937
88938
88947
88966
88968
88982
89002
89004
89014
89040
89046
89047
89052
89053
89058
89089
89094
89100
89101
89114
89116
89126
89127
89129
89139
89155
89161
89165
89166
89169
89173
89181
89185
89196
89200
89204
89214
89218
89222
89228
89233
89248
89249
89265
89268
89271
89278
89279
89281
89292
89315
89319
89321
89326
89333
89353
89355
89360
89365
89366
89392
89395
89398
89404
89414
89433
89445
89458
89469
89476
89504
89507
89515
89524
89534
89540
89558
89564
89570
89594
89598
89608
89624
89625
89627
89635
89639
89642
89659
89680
89692
89706
89717
89722
89731
89735
89738
89739
89740
89747
89755
89757
89769
89786
89799
89812
89817
89824
89841
89842
89859
89861
89865
89869
89877
89878
89897
89903
89917
89926
89930
89945
89951
89970
89972
89976
89977
89982
89991
89993
89995
89996
90008
90020
90022
90024
90043
90044
90045
90050
90080
90101
90107
90120
90123
90142
90164
90169
90175
90179
90191
90192
90200
90220
90231
90234
90236
90240
90266
90279
90280
90281
90282
90288
90308
90310
90315
90324
90326
90343
90345
90348
90355
90368
90374
90376
90379
90390
90402
90413
90425
90426
90431
90442
90445
90447
90450
90472
90478
90479
90482
90488
90508
90524
90525
90529
90530
90534
90546
90549
90550
90573
90595
90612
90613
90616
90628
90646
90647
90648
90654
90657
90659
90661
90663
90664
90668
90673
90678
90694
90707
90711
90713
90725
90756
90759
90760
90769
90794
90798
90802
90818
90830
90837
90842
90846
90861
90862
90864
90871
90884
90885
90912
90922
90926
90937
90942
90946
90951
90957
90964
90968
90970
90983
90984
90994
90996
91002
91012
91013
91040
91044
91062
91074
91088
91096
91132
91141
91143
91146
91148
91156
91157
91177
91178
91179
91182
91183
91186
91188
91190
91193
91211
91215
91221
91226
91244
91255
91258
91262
91263
91277
91279
91280
91283
91288
91310
91321
91322
91328
91364
91399
91404
91411
91415
91418
91438
91444
91449
91479
91481
91520
91543
91544
91554
91567
91570
91571
91585
91588
91597
91599
91623
91626
91631
91633
91638
91657
91659
91669
91672
91696
91704
91708
91735
91752
91759
91772
91775
91800
91821
91836
91844
91848
91850
91858
91867
91896
91901
91911
91918
91921
91928
91932
91943
91947
91950
91955
91966
91974
91984
91986
92008
92018
92045
92048
92058
92060
92062
92088
92096
92100
92101
92123
92127
92131
92141
92146
92157
92174
92202
92205
92206
92208
92236
92240
92244
92245
92252
92254
92289
92300
92313
92338
92342
92353
92359
92364
92377
92378
92391
92394
92414
92427
92437
92453
92458
92468
92474
92478
92480
92484
92490
92500
92527
92547
92549
92550
92563
92576
92591
92598
92599
92623
92634
92642
92644
92653
92660
92666
92690
92715
92722
92724
92737
92739
92745
92746
92751
92759
92773
92778
92787
92797
92805
92811
92814
92817
92818
92824
92825
92828
92830
92835
92841
92855
92866
92875
92879
92887
92888
92899
92905
92911
92912
92931
92934
92938
92946
92956
92962
92971
92973
92977
92980
92986
92990
92998
93014
93017
93022
93027
93030
93031
93033
93040
93047
93055
93069
93073
93100
93125
93133
93138
93158
93165
93176
93187
93191
93197
93198
93208
93210
93221
93222
93228
93235
93241
93253
93257
93278
93295
93298
93299
93308
93320
93325
93336
93341
93348
93360
93368
93370
93375
93379
93400
93405
93418
93419
93422
93432
93433
93436
93443
93451
93458
93464
93467
93469
93470
93471
93489
93501
93507
93514
93517
93526
93527
93533
93536
93547
93572
93579
93580
93583
93599
93602
93617
93624
93626
93633
93644
93656
93660
93669
93673
93690
93693
93697
93700
93703
93709
93710
93715
93718
93723
93725
93729
93744
93749
93761
93784
93787
93790
93795
93801
93809
93813
93821
93829
93839
93840
93850
93858
93867
93882
93895
93920
93927
93928
93937
93948
93956
93963
93972
93975
93981
93984
94018
94024
94032
94064
94065
94070
94075
94096
94107
94140
94143
94146
94160
94185
94193
94196
94203
94209
94238
94246
94248
94252
94253
94257
94269
94270
94278
94295
94297
94307
94308
94315
94331
94338
94348
94350
94362
94363
94366
94367
94383
94386
94393
94395
94410
94418
94434
94447
94449
94460
94464
94482
94496
94512
94513
94526
94528
94551
94553
94562
94582
94591
94595
94608
94610
94612
94618
94619
94620
94661
94671
94677
94692
94706
94709
94713
94718
94719
94720
94729
94734
94742
94768
94793
94794
94795
94797
94817
94833
94859
94861
94881
94888
94899
94902
94909
94911
94919
94922
94939
94940
94943
94952
94958
94959
94972
94981
95004
95015
95017
95022
95032
95033
95048
95055
95064
95078
95079
95118
95125
95133
95141
95165
95173
95175
95185
95187
95188
95192
95196
95197
95206
95218
95225
95232
95239
95240
95276
95282
95291
95305
95321
95322
95333
95335
95337
95346
95372
95375
95376
95387
95393
95397
95401
95424
95430
95432
95436
95448
95458
95464
95467
95469
95472
95480
95487
95493
95500
95509
95519
95523
95531
95536
95554
95568
95586
95597
95605
95627
95634
95637
95642
95648
95652
95654
95656
95663
95676
95677
95685
95693
95695
95697
95712
95731
95736
95737
95750
95759
95789
95793
95801
95805
95807
95821
95823
95825
95843
95854
95863
95877
95930
95935
95939
95940
95946
95959
95962
95984
95992
96020
96026
96030
96033
96034
96051
96055
96056
96063
96064
96076
96087
96100
96101
96102
96106
96111
96113
96114
96116
96121
96131
96151
96155
96157
96163
96170
96181
96182
96193
96194
96201
96205
96224
96229
96236
96239
96240
96242
96255
96264
96271
96274
96304
96313
96317
96322
96329
96348
96363
96369
96384
96417
96435
96440
96447
96449
96451
96461
96465
96477
96481
96494
96504
96508
96512
96515
96525
96540
96543
96545
96546
96552
96559
96573
96574
96582
96591
96594
96614
96616
96618
96623
96639
96642
96650
96665
96669
96680
96686
96689
96695
96702
96703
96705
96708
96715
96718
96722
96737
96763
96766
96767
96768
96769
96776
96780
96805
96808
96809
96811
96822
96828
96835
96846
96858
96867
96882
96891
96894
96898
96899
96901
96902
96903
96906
96910
96919
96922
96933
96950
96956
96958
96962
96964
96970
96983
96986
97001
97014
97025
97039
97040
97041
97042
97045
97055
97056
97060
97090
97095
97112
97114
97120
97125
97127
97129
97135
97142
97163
97168
97172
97175
97184
97191
97214
97222
97254
97257
97261
97285
97290
97291
97303
97305
97362
97363
97372
97373
97400
97405
97438
97442
97445
97446
97458
97459
97462
97463
97472
97496
97519
97523
97525
97554
97558
97559
97561
97570
97573
97595
97597
97599
97607
97634
97638
97652
97655
97670
97676
97678
97684
97696
97697
97715
97729
97734
97744
97752
97754
97760
97768
97777
97789
97796
97809
97820
97825
97826
97834
97838
97844
97848
97852
97858
97859
97860
97867
97878
97880
97885
97896
97917
97924
97926
97928
97933
97942
97943
97945
97962
97971
97975
97991
97992
97998
98013
98016
98019
98026
98031
98049
98061
98063
98064
98068
98070
98072
98073
98077
98087
98097
98098
98110
98114
98121
98123
98129
98132
98147
98164
98179
98192
98194
98209
98217
98227
98232
98235
98238
98245
98253
98267
98272
98275
98284
98290
98313
98334
98365
98382
98399
98405
98408
98418
98428
98434
98436
98442
98443
98445
98463
98471
98480
98492
98495
98501
98506
98508
98521
98534
98537
98545
98568
98582
98599
98619
98620
98622
98632
98638
98639
98658
98664
98668
98688
98701
98703
98707
98708
98711
98727
98729
98730
98738
98743
98745
98758
98765
98768
98776
98788
98796
98799
98800
98814
98843
98844
98861
98866
98880
98889
98898
98911
98921
98931
98934
98939
98942
98945
98954
98956
98957
98965
98969
98976
98985
98992
98993
98996
99016
99029
99047
99057
99066
99099
99104
99112
99117
99123
99136
99139
99152
99156
99163
99164
99177
99183
99188
99189
99191
99195
99198
99202
99203
99208
99209
99211
99221
99234
99235
99253
99258
99261
99263
99278
99280
99285
99289
99299
99324
99326
99328
99338
99345
99368
99372
99381
99407
99410
99416
99437
99443
99449
99451
99471
99473
99478
99484
99489
99527
99529
99531
99542
99543
99548
99573
99576
99579
99582
99590
99595
99605
99616
99623
99627
99633
99642
99657
99661
99681
99682
99691
99696
99705
99707
99715
99724
99727
99739
99741
99743
99749
99750
99751
99755
99763
99771
99772
99779
99783
99794
99799
99806
99809
99817
99825
99835
99861
99870
99871
99876
99879
99892
99893
99894
99897
99899
99915
99917
99932
99943
99954
99959
99972
99992
99996
