14
15
22
42
47
51
62
77
88
103
104
106
118
128
137
140
158
162
167
187
191
194
195
203
205
210
221
231
246
258
261
271
276
301
349
350
363
442
448
475
478
482
496
498
500
512
529
534
538
557
591
593
594
608
614
620
624
628
706
711
712
714
716
717
720
721
723
724
728
729
730
733
734
736
737
738
739
740
744
745
749
750
753
754
755
759
760
761
762
765
767
769
772
958
971
976
978
998
1001
1002
1004
1008
1014
1019
1025
1042
1058
1079
1191
1202
1203
1204
1205
1206
1241
1274
1292
1297
1309
1528
1529
1530
1531
1532
1533
1534
1535
1536
1537
1538
1539
1540
1541
1542
1543
1544
1545
1546
1547
1550
1551
1552
1553
1554
1555
1557
1558
1559
1560
1561
1563
1566
1567
1568
1569
1574
1576
1577
1578
1580
1581
1582
1584
1585
1587
1590
1591
1592
1593
1595
1597
1598
1600
1609
1618
1622
1624
1625
1629
1631
1632
1634
1636
1638
1639
1641
1642
1643
1644
1645
1647
1648
1649
1650
1652
1653
1654
1655
1656
1657
1658
1659
1660
1661
1662
1663
1664
1665
1666
1667
1668
1669
1670
1671
1672
1673
1674
1675
1676
1677
1678
1679
1680
1681
1682
1683
1684
1685
1686
1688
1689
1692
1732
1744
1952
2013
2017
2018
2019
2020
2029
2033
2035
2042
2049
2052
2054
2055
2056
2058
2059
2077
2078
2080
2133
2158
2175
2182
2185
2186
2189
2304
2305
2306
2307
2309
2310
2313
2315
2316
2348
2352
2355
2374
2377
2522
2545
2546
2548
2549
2552
2553
2575
2590
2594
2698
2700
2702
2704
2707
2709
2712
