14
15
22
42
47
51
62
77
88
103
104
106
118
128
137
140
158
162
167
187
191
194
195
203
205
210
221
231
238
246
258
261
271
276
301
306
314
320
322
323
342
345
346
349
350
354
361
362
363
368
381
422
442
448
475
478
482
496
498
500
512
529
534
538
557
591
593
594
608
614
620
624
628
701
703
706
707
709
710
711
712
713
714
716
717
720
721
723
724
728
729
730
731
733
734
735
736
737
738
739
740
742
743
744
745
749
750
753
754
755
756
757
758
759
760
761
762
765
767
768
769
772
773
777
779
782
783
826
842
897
908
911
912
955
958
960
961
964
967
968
971
972
975
976
978
980
989
990
991
998
999
1001
1002
1004
1005
1006
1008
1014
1015
1019
1025
1026
1029
1030
1032
1033
1034
1035
1037
1039
1042
1043
1048
1056
1058
1059
1061
1070
1074
1075
1079
1082
1129
1191
1195
1196
1197
1198
1200
1202
1203
1204
1205
1206
1210
1230
1241
1242
1247
1274
1277
1278
1282
1283
1289
1290
1291
1292
1294
1297
1298
1301
1302
1303
1309
1518
1520
1521
1522
1523
1524
1525
1526
1527
1528
1529
1530
1531
1532
1533
1534
1535
1536
1537
1538
1539
1540
1541
1542
1543
1544
1545
1546
1547
1548
1550
1551
1552
1553
1554
1555
1556
1557
1558
1559
1560
1561
1563
1566
1567
1568
1569
1574
1576
1577
1578
1580
1581
1582
1584
1585
1587
1590
1591
1592
1593
1595
1597
1598
1600
1609
1615
1618
1619
1622
1624
1625
1627
1629
1631
1632
1634
1636
1637
1638
1639
1640
1641
1642
1643
1644
1645
1646
1647
1648
1649
1650
1652
1653
1654
1655
1656
1657
1658
1659
1660
1661
1662
1663
1664
1665
1666
1667
1668
1669
1670
1671
1672
1673
1674
1675
1676
1677
1678
1679
1680
1681
1682
1683
1684
1685
1686
1687
1688
1689
1690
1691
1692
1693
1694
1695
1700
1701
1702
1732
1744
1762
1765
1777
1833
1835
1836
1837
1840
1841
1843
1844
1845
1855
1859
1861
1862
1871
1874
1888
1889
1892
1900
1903
1904
1910
1912
1917
1918
1919
1924
1930
1936
1942
1944
1948
1952
1955
1977
2003
2007
2008
2009
2011
2013
2014
2015
2017
2018
2019
2020
2022
2027
2028
2029
2031
2033
2035
2037
2039
2042
2043
2046
2047
2049
2052
2054
2055
2056
2057
2058
2059
2060
2063
2065
2069
2071
2074
2077
2078
2079
2080
2081
2089
2094
2096
2103
2104
2106
2109
2110
2111
2112
2113
2114
2116
2121
2125
2126
2133
2136
2138
2142
2143
2145
2147
2150
2152
2158
2159
2161
2165
2166
2169
2170
2172
2174
2175
2179
2182
2185
2186
2188
2189
2190
2197
2229
2241
2266
2268
2274
2275
2277
2299
2300
2303
2304
2305
2306
2307
2309
2310
2312
2313
2314
2315
2316
2343
2348
2350
2351
2352
2353
2355
2358
2359
2363
2374
2377
2380
2384
2386
2390
2435
2444
2445
2466
2471
2473
2474
2475
2476
2479
2480
2481
2483
2486
2487
2492
2495
2498
2499
2502
2503
2506
2508
2515
2518
2519
2522
2525
2542
2543
2545
2546
2547
2548
2549
2550
2551
2552
2553
2556
2557
2558
2562
2566
2567
2575
2578
2582
2584
2590
2594
2596
2666
2681
2682
2683
2686
2688
2689
2695
2698
2700
2701
2702
2704
2707
2709
2710
2712
2714
2718
2719
